500 100
414 422
220 312
436 400
427 369
40 17
273 411
277 370
87 348
303 135
464 491
141 131
495 268
167 393
261 456
456 10
280 379
247 182
161 13
42 291
71 402
423 212
436 314
466 11
140 91
490 402
231 144
83 470
92 482
233 276
432 65
355 327
111 345
142 319
449 145
75 200
431 160
234 434
357 102
45 20
271 493
32 46
187 29
366 55
110 128
148 322
204 154
236 157
201 173
313 271
289 496
397 47
348 413
27 318
403 383
426 143
38 241
477 161
394 228
341 385
440 38
308 474
458 280
351 13
78 30
70 220
105 285
119 178
70 54
416 312
235 464
237 327
366 446
169 85
440 134
344 424
187 432
281 185
134 307
436 269
337 401
327 426
112 274
301 175
20 95
83 141
72 463
18 441
94 305
53 234
170 107
159 65
290 114
163 217
195 299
408 28
322 194
291 459
51 457
219 473
458 435
75 108
123 426
98 287
500 366
403 335
451 242
54 90
134 44
187 184
361 92
433 286
179 401
306 205
417 31
329 9
89 60
272 97
351 442
483 92
164 64
60 160
445 141
209 286
242 265
379 170
110 489
92 4
261 133
12 91
267 464
339 342
25 72
118 232
281 67
94 280
415 225
269 293
65 138
56 22
11 210
100 409
243 299
218 301
299 392
417 322
412 496
405 228
249 464
425 254
193 92
140 400
185 487
32 95
254 306
243 440
280 163
347 343
287 66
357 457
427 260
93 217
153 298
363 387
386 348
69 410
390 315
239 499
277 415
491 41
241 257
98 303
262 28
142 64
56 70
471 253
189 210
212 336
386 83
69 164
235 420
258 29
469 266
497 17
440 121
80 347
249 267
434 339
41 97
379 402
158 363
270 56
2 334
10 355
458 32
292 366
237 263
300 250
13 482
196 91
61 409