80 40
.......#..##..........##.##.#..................#.#.#........#.#.....#..........#
...#....#.......#.#.#..#.#...#.........#.........#..#.#...........#..........#..
.........#.....#.............#.......#..#......#..........#.......#.#.......##.#
..#...................#......#.......#.#.#.............#..#.#..#......#.#..#....
........#..#.....#.##.....#...#..#.............#.........#..##....#.......#.#...
...........#................#.....#....##.#...........#............#......#.....
#............#.....#.....#.......#.#...##.#......#..............................
......#........#..#.#...........#.....#..........#....#....................#...#
.#.........#..#....#....#.#.#.............#.......#.#.#...#......#..............
....#.............#....#....#.............#..##..#....#.#.............#...#.#...
......#..#.......#......#..#.....#.....##.....#..#...........#............##....
.......#................##............#..#..###.........#...............#.#...#.
...#.....#.....#.#....#........#.#..#..................#...........#...........#
..#....#.....##.#.#......#...#.##.#................#..#.....#......#............
..................##.....#......#........##...#.#.......#....#...#.....#.......#
.#.#........#.#.#...........................#.#........##..............#......#.
.....#..#..#...#.##.....#......#..#.#................#.##.......#....#.#.#......
.#..#.....#.#.##........#.##.........#...#.......#.........#....#.#.#...#....#..
.........#...........#.........#..###....#....#...#...........#......#...#....#.
......#..#....#...#..........................##.#...#.#..#...................###
#....#........#..#...#...#.#....#...##...#........#......#..#...##..#...........
.....#.....#...#.##...............#................##...........#.#.##.....#.#.#
##.#..#...........#...#.#........#.....#..##.#.#...............#.##...........#.
......#....#..............#..........#........#..#..#...#.....#..........#......
..#........#..###.#...#.....#.#.#.....#.....................#...................
..#..#.............#.....#.....#...#.#.............#.#.#..##.....#............#.
.......#.................#..#...#............#.#.......#..#..##........#........
..#....#.........#...........#...............##.#..##...............#.#.........
......#.#.....#......#......#.#.......#.....#.....#..#....#..........#...##.....
...#.....#.............#......#..##.............##..#...#.#.....#.##......#.....
....#......#...#.#...........#...#...#....##....#..#......#......##..........##.
..............#.#..................#....#..#..##..#.....#......#....##...##.##..
....##....#...#.....#........#.......#.......#.......#.....#....###....#.#...#..
.#.#......#.#......#....#........#..#....#....#..#.......#...#.##.#..##...#...##
.#..........#.#..#......#................#.......#.#............#..............#
........##...#..........................#.............#...#.#...#.#.#...........
.....#.......................#.......##..###....#...###..#..................##..
...................##................#....#...........#........#.#.#..##...#..#.
......#..#.....#......#.....#.......#..........#....#..#.................#......
##..##.......#............#.#.#.#..#............#..#...#............##.....#....
100
13 16
14 29
4 24
16 22
15 17
12 8
17 24
16 28
16 24
14 29
9 33
12 7
5 34
10 16
16 34
7 14
6 12
3 24
6 1
8 38
16 20
17 9
11 3
18 19
6 40
15 16
5 5
4 13
8 34
4 18
6 36
9 35
11 16
6 36
1 6
10 25
19 25
18 15
6 5
17 3
7 23
6 9
7 20
10 6
14 20
9 23
5 10
8 6
9 25
16 7
5 15
6 13
2 27
18 26
14 33
8 30
13 17
14 37
7 23
6 23
15 3
9 39
19 5
8 13
9 38
5 33
12 27
18 21
6 34
20 2
3 17
16 11
4 22
19 7
14 29
2 8
18 19
11 9
5 23
14 4
1 10
3 28
6 14
6 2
19 2
10 39
13 16
11 3
11 33
5 29
11 14
13 33
9 29
7 16
5 12
8 40
18 31
3 24
9 24
5 4
