80 40
.#...........#....#.###......#.........#...#..........###.#.##.#...........#.#..
.............#........#.#.#.....##......#........#....#..#...#..................
.........##......#..##....#...##..#............#....#..........#..#........#..#.
......##.........#.......#.....#....#...#..#.............#.......#......#.#..#..
.....#..............#......##..#................#.####....#.......#..#..........
....................#.....##....#....#...................#......................
........##.#.##.#.....#.................................#.....#.#..#.........#..
...#.........#........#.......#.##......#......#..........##.......#.#..........
......#..#........#....#..........#.......#..........#......#........##....#....
..#....#.....#........#...........#..#..#...........#....#....#....#...##..##.#.
#.#...##....#...#...#........#....#.................#...........#..............#
.#.....#..#.................#.......#.#.....#.#.......#.#.#.#.......#...........
........#...............#..#.#....#..#........##............#.........#.....#...
.#.#..#...##......#.....#.#..........#..#.###..........#...##................#..
..#.#......#.........###.....##.#....#.#...###...#..........#...#.#....#......##
#.......................#.....#..............#.#..#.....#.##...#..##....#..#..#.
.#....#......##.#...##.............#.#.#..............#....#.##......#..#.....##
#.####..#...........#.....#.##.....#..#.........#...##..#.............#..#......
...##.....#....##..#.....#..........#..#.....#...#........#......#...#.....#....
....#....#...........#.#.........................#.....................##.......
.....#..#.##.....#...#.....#..#........................#..#........#...##.......
..#...##..#.......#................##..........###.#..#.#.##....................
...#...#.#.#.....#.#......#.............##...#.........#...............#........
.###........#..................#..#.....###..##..#........#........#............
.....#..##...#..........#.........#.#.....#.......#.#.#..##...................#.
.......#....#....#.##...#..#....#..#...#....#.#.....##...................#.#....
#.........#........#...#...#.......##.....#...#...#....#.....#.......#.....#....
....#....#...#.....#.#..#.....#...##..........#........#....#..........#..#.....
................##........##..............#.............#..###..#.....#.........
................#.....#........#......#.......#...###.#.....#.......##...#....##
#..........#...#...##................#..#.....#..#.....#...#......#....#........
....##.........#..#.#..#.................#......#........#.#.............#......
.....##.#......#.......#.....##......................#....#....#.............#..
.#..#....#....#.#.............#...##.....#...#.......#..#.#...#..#...#....#.#...
.............#.....#.#...##...#....#......#.#.........#..#...#.......#.........#
.#.......##...##...........#....................#.........................#.....
...#.......#....#.....#.......##.......#............#................#...###..##
......#..........#.##.........#...#.....#.#.#.....#.........###......#......#...
...#.......................#....#..##...##.........#..##..#....................#
.........#......#...#.....#.........#.....#.#.#.###............#..#.#..#........
100
12 35
17 35
20 4
16 39
10 25
14 38
14 4
13 8
12 26
3 31
4 18
16 3
15 4
8 21
7 22
17 2
3 37
16 40
12 10
3 22
9 9
19 6
1 30
1 33
15 17
7 37
9 1
2 8
11 23
19 2
14 13
20 23
19 17
15 29
5 16
11 26
19 19
5 31
2 19
4 36
4 21
6 19
4 32
17 16
4 34
5 10
12 4
1 11
17 33
4 8
13 31
7 10
19 28
7 34
4 29
3 29
1 31
16 20
17 27
19 28
20 39
7 6
7 32
4 2
5 36
14 13
7 10
19 34
20 2
15 4
15 32
8 13
17 17
9 40
11 38
6 10
15 16
10 31
9 14
8 2
12 3
9 2
7 6
6 23
2 3
20 17
20 35
9 33
6 36
10 4
8 26
10 25
3 13
3 18
4 40
17 37
15 4
13 10
14 6
8 19
