80 40
..................#.............##.................#.#...#.#..............#.....
.....#........##....#.....#..#.........#....#.........#.......................#.
......#.........#.#.#................#..........#.............##..........####..
...#..#..##...#....#.#..#...........#...................#....#.............#....
...##.......#.........#.............##...#..##.......#.......#......#...#.......
......#..#.........#...#............##.............#..#....#..............###...
#......#........##..##.........#..#............#........#....#..........##......
....##...........#.....#........#..##............#..#.......#.....#....#....#...
...#..#......##.......#...........#............#..#....#..........##......#..#.#
.........#......#....#.#..#..#.......##..#.........#.......#.#........#....#....
...#...........#..#...........##....#.#..........#..#..........#................
..#.......#........#.#.................#..#..............#.......#....#...#.....
.##...#..........#................#....##....#........#.#...#......#..#...#.....
.#..............#...........#.....#.........##.#.....#..##...............#......
.............#.....##....#.....#.##........#.#.#...#....###...#...........###.#.
..#..#...#.#.#..#..#.....#......#..##................#..##............##..#.....
...#...............##.#.............#..................#....#...............#...
..#.................#.#.#.#....###..#...#............#.....##....#...#..#.......
....#........#......#......#.....#.#..........#..........#........#...#.........
...##....#................#.#.#.##..............#.#........#..........#.#..#....
.........................#....#........#.##..#..##..#....#..#...#...##...#......
.........##...#..........#............#.#......#..#...#........#.#...#.....#....
..##.#.........#.........#...#.....#....................#..#..............#...#.
......##..#.##.........#...........#..#.......#.#.#...#....#..#.......#..##.#..#
..#......#................#........#...#.....##...#.#.......#..............###..
..#....#..............#..#...#...##..#..........#.#....#.#....###.............#.
...........#....##.#.#.............#.....#...#.....#.......#.....#.............#
.......#....##.......#.#...............#....#.....#.....#.#........#.....#...#..
..###.#.#.#....#............#........................#.....#.....#.......##..##.
.#.####.##..........#.........#..........#.............#......#........#...#..#.
.............#.#.#....#.#..............#....#..........#...#............#.......
...........#.#.#.........................#..#.##..........#...#......#.........#
...#...##......#.......#...#.#....#.#.............#.....#....#..................
#.#.#......#.................#.......#.................#.##.....#........##.....
...#....#.#...#....#...#......#.....#....#............#.............#...#....###
.#.#.......#..#..#......#.......###....#.................##...........#.........
..........#...#.##.....#..#.....##..............#.........#...#......#......#..#
...................#....................#..#........#.....#.......#...#......#..
....#......#................#...#..##.##.............#..#....#....#.............
.....#......#.........#........................##...#........#.........#..#.....
100
13 19
18 32
17 20
4 36
7 21
12 12
14 11
13 1
7 33
16 21
6 37
15 11
19 40
17 26
1 35
6 12
4 30
16 28
13 25
9 25
11 11
20 33
8 33
6 35
19 40
14 15
4 22
19 10
14 35
1 17
15 26
12 16
13 25
18 38
14 20
12 12
6 34
17 11
17 39
3 27
15 35
7 35
9 37
9 17
20 30
3 24
20 29
5 3
1 23
7 9
4 28
18 34
5 13
14 24
18 31
12 38
19 6
4 6
3 12
7 33
12 7
18 2
13 33
3 23
7 6
9 4
6 6
7 10
11 33
7 8
14 16
14 6
6 31
17 6
19 11
6 8
2 16
2 15
20 30
12 11
15 35
9 36
16 27
3 24
16 30
9 29
16 29
1 3
4 2
13 29
14 27
14 7
19 7
15 8
19 25
5 15
9 22
1 5
9 30
4 14
