80 40
...#.#..#.#...##........#..#.#............#...#.#.............#........#...#....
...##.....#.#....#............#...........#...#......#.........##.#..#..........
...........##........#............#......##...#.......#....#...........#....#...
...........#...........#..#....#.....#................#..#............##....##..
.#.####..#..#.......#.....................###....#...#...#.#.......#...#..#.....
..#..#...#..#.......#.#............#.#.##...#..#.......#............#...........
.....#..#..............#..............#.#..#.......##.........#......#......###.
.....##..#.#..#.#.#......#......#.........................#...#..........#.#.#..
......#.#.#..#........#.#..#.....#..........#..............#.............#..#..#
.#....#..##...#.........#...##............#.#.##...........#...#.....#.......#..
...#............##.....#...........#.....#.........#....#......#.#.....#.#......
.......##..#.....#.........#...........###..#..........##.#.....................
#.....#.#.#............#.........#...#.........##...#.#.................#.#..#.#
.......#..........###.......#....#...#.....##......##...........#.....#.........
.#.#......................#..........##..#.....#.....##...............#........#
........#....................#.........#...........#..#..#.....##.......#..#..#.
...##..............#...#.......#.........#.#..................##......#....#....
#.....#...............#..#.........#...................##......#...#......#.....
.#...##....#.#..............#.............#.......#.#........#..#..#.#..........
......##.#.#...#..#...#.#....##...#....##....#..#...............#............#..
..#..#.............#.....#..#.#.....#...#.###......#.#...........#........#.....
.......##.......##....#.........#...#........#.#........#....................#.#
...........#..#......#.........#....#....#.#......#................##..##......#
.....##..#..#..#.#................................#....##.....#..#..............
.....#.................#.........#......................#.....##.#..#...#.....#.
..#.#..##......#...#...........................##.....................#....#...#
.....#..#.##..#...#....#...#.......#.#.#....#.#........#...........#.......#.#..
..#......#...#...............#.....#........#..........#...#.....#..#.#.#.......
##..#............#..#......#.#.....#.##........#......#.............#...#.......
........#....#....#................#...#..........#.#.#......#..##....#.........
........##..##.#................#.#.....#..........#......#...#...###.......#...
..#.....#...................#.....#........#....#....#.....##......#.........#..
#.#......#....#..##....................#..#..#..#....#....#..........##...#.....
........##.........#....##..##..................#..##.....#...#....#.#.#.#......
.#.....#...........#...........#.....................###.........#.##...#.......
.#...##.#................#.................#.#.#.#.#........#..##.##...#....#...
.........#...##........#.....#......#...................#...............#......#
.##.......#......................................#...............#...#.....#....
#......#..#..................##......#.##....#.#.#.#...............#...#.....#..
#.....#.............#...#..#..#..............#.#....#.....#.........#...........
100
14 5
1 12
8 35
10 40
19 31
15 5
19 6
4 16
6 25
1 39
12 22
18 26
2 21
15 30
5 15
7 32
17 11
5 5
11 26
17 16
14 8
8 6
15 2
19 27
8 31
13 4
6 31
12 18
1 38
12 24
14 1
5 15
10 28
15 11
8 29
8 40
12 22
15 40
15 29
13 26
17 35
19 2
8 21
18 36
8 21
6 19
7 25
11 16
16 23
16 36
15 30
18 11
19 33
19 17
14 28
11 34
8 9
13 29
13 24
3 27
15 11
17 28
3 31
15 27
8 18
19 1
2 21
18 22
17 20
3 40
20 39
9 33
5 21
17 30
13 29
20 17
5 12
3 1
5 15
1 38
3 31
16 24
15 22
8 19
5 25
8 14
10 5
11 11
1 34
18 30
20 15
2 1
1 20
7 10
5 29
17 39
5 4
14 25
8 2
18 28
