80 40
.#............#.............#...................#.......#....#.##..#.........#..
..#...#.......#.#....#......#....#....#................###..........##.....#....
#...#.................#.#..........#..##...#....#.....#....#..........##........
#........##.#...#..##.#...#.#...#.....#....#.#..#....#......#.................#.
.........#.....#..#.....#..........##.###.#.................###.#.....#.........
......#......................#.......#.......#.........#....#..............#....
#......#.........#........#.##....#.....#......#..#...#..........#....#...#.....
..#....................#..#.............##..#....#..#.#.#.#.##...#.#............
.#......##.#..#....#.........#...........##...........................#...#.....
........#.#..######....#.#....#...#.......##.#...................#.........#....
.....#....#...#..#.......................#...#.#......#.#....#....#.......#...#.
#..#.#....#.#.....#.......#.........##..#.....##.#...#..#............#...##.....
.............##...#.#.....#.......#..#.........##........#.......##.....#..#....
...#.......##.#.##.........#....#...#............#.....#.........#......#....#..
.#.#.#.......#..#..#.#.........#...#....#....##.........#.............#....#....
..#.....#....#...#.........#...#.....#............#...........#................#
...##....#..#....................#...#.........#...#...#.....#.......#...#......
..#....#....#...#..#.....#......#.#.#...#................#.....#.#.#..#..##.....
.........#........##...#..#..........#.........#...........#.#..#........##.#...
..#.###.#............#........#...#..#....#....#..........#.#.......##.##.......
...#...#............#....#....#..........#..#..................#..#.............
.........##...#......#......#...........#.##.#....#.....#...#.#.....#..#........
...#........#.#......#..#.............##....#.......#........#........#....#....
...#.........#..#........#....................#........#.#......#......###......
........##........#...#.........#...#...#.....#...#....................#.......#
..........#.........#.##.#........#............#......#....#....................
...##.........#....##....#........#.....#..##...##....##..#..........#..#.#..#..
.#.#.#...#....##......................#..#.....#..#..............#...##..#....#.
....#.......#..#....#...#.....#...#.#.....#...##.#.....##......#...#............
..#...#...##......#.......#...................#.#...#.#...............#.#.#.....
#.....#.......##......#..###...#...............#.#..........#..#.......#........
........#...##........#.......#....#...#..#..#...##.......#.#..#........#.......
...........#.##....................##....#.#...#.........#.....#................
...#....#...##...............#..#.#..#...................#.##.#.#......##......#
....##..#..#..........#.#.................##...#...#...##.#..........#.........#
....#.#..........................#......#.#.#.#...#...#..........#.......##...##
...............#........#.#.......#.#.........#.###.......##...##....#.#..##....
.......#..#.....#.#................#....#....#..........#........#.......#......
.#....##.#...........#......#..#..#......#..#............#..#.....##...........#
#.........#..........#..#........................#..........#....#.#.....#.#....
100
15 34
18 36
20 29
19 38
8 4
12 7
11 19
5 31
3 12
5 15
6 20
15 8
6 20
16 2
15 8
18 37
12 3
10 23
11 37
8 17
10 29
2 32
6 31
16 17
7 1
1 35
11 17
4 19
19 30
19 21
17 26
14 4
5 26
14 35
11 36
6 7
1 18
5 18
10 4
20 34
18 23
14 1
12 39
14 8
14 9
1 20
1 11
1 29
1 40
5 18
20 30
5 18
13 6
9 35
13 32
5 23
6 33
6 21
14 13
4 17
12 7
16 39
9 13
8 33
17 17
2 19
1 30
10 31
1 28
16 11
20 31
20 10
15 26
20 31
11 37
20 29
8 38
15 19
20 30
4 17
16 6
18 18
3 17
11 39
7 11
20 24
14 39
15 35
16 35
19 19
14 18
6 7
2 9
6 26
2 17
19 21
8 21
2 20
9 25
5 11
