80 40
........##.......#......#........#...#..............#.....#.....#......#...#....
.....#......#......#...#..........#.....#.....................#..#........#.....
.#.....#.#.#.#.........#........##.##..#......#..##.....##...##..##.....#.#.....
..#...#................##............##........#...###.#........#..........#....
....#..............#.##....#.........#....#......#....#...#.....................
........###....#..##..##.................#........#..###.....#.....#......#.....
...#..#...#........#...##.###.....#.................#........#.....#.......###..
##.#....##.....#...#............#.#.......#.#.........#....#..#........##.......
.#.##...#....#.....#...................#...#......#......#..#...#...............
#.#...#...#.........#.##..#...#......................#.#...#.#.........#.#....#.
.............#..#....##.#..#.#..##...#..#................#.#....#.##......#.....
.#..#..#.........#..............#.....##........#........................#...#..
......#....#.........#...##.........................#..........#..##..#....#....
#....#..##.......#.#.#.#....................#.....#......##....#.........#..#...
##.##......#....#..............#.........#.......#....#.................#......#
.#.........#...##.#...#....#..............##........##..............##....#.....
...............#.........#..#........#...............#...........#..............
...#..#.......#..............#.#...#....#.................................#.##..
.....#.....................#..#.....##.....#.#.##....##.###...#...#.............
...#..###........#..........#..#.#..#.....#..#........##...##..#..##.#...#.....#
..#....................#....#...........................#...#............#.#....
.#.#.........##.....#...#.#.###................##..#.#...#..........#..#...#..#.
..#..#..........#..........#......#.....#...#.....#....#...#......#........#....
#......................##...#...#...#.....#......#............#.................
..#..#...............##............#....#......##....#.#....#.#........#.#.##..#
.....#.....#.#..##........#.#.......#.#.............#..##.......#......#.##...#.
......#.....#.#.......#..#.....#.....#......#.#...##....#.#....#...........#....
..##.#.........##.......#.......#...#...........#.....#.........................
....#............#..........#..............#..............................##..#.
.....#.##....#...#......#...#............#.............#...............#....#...
....##......##....##......##.....#...#.....#......#.......#.....#.#.......##....
#.#..#......#....#..#....#.......##...#....###..........#..#..........#........#
...#.......#......#.......##....#..#....#...#.#..###........#...#..#..#..##...#.
#...#....#..#............#......##..........#.#..............#..#........#...#.#
.#..#.#.........................#......#..................##.#.....#..#.....#...
.#..#......#......##..###...#...........#..#.#.....#...#.......##..##........##.
......#..#........#.......#...#...#.......#.#.........#...........#.........#...
.##.........#........#....#.....#.......#.#.........##..#......#.#........#.....
#.#...#....#....#........##...#.....#.#............................#.#.....##...
............#.........................#...........#...#....#.............#...#..
100
4 10
11 36
3 29
12 21
20 10
3 19
5 18
19 3
17 18
15 7
20 27
7 34
5 31
11 28
20 18
19 21
4 28
7 35
2 8
20 22
9 17
10 10
15 7
6 26
17 21
1 1
20 32
19 3
3 10
14 10
14 21
7 38
9 34
1 1
2 8
16 26
11 26
4 20
16 10
18 27
9 9
11 13
10 20
11 37
12 28
16 32
5 12
9 28
2 40
16 40
3 31
17 35
14 13
8 32
20 39
12 25
1 23
3 23
20 1
14 12
12 29
6 28
15 10
2 3
20 22
10 2
18 34
12 32
16 34
12 32
14 12
3 19
19 25
9 35
14 6
12 39
19 8
7 16
20 12
6 9
4 27
10 31
20 20
2 13
10 23
11 11
5 15
16 4
20 14
1 5
4 34
16 5
6 23
13 25
6 34
17 25
20 8
4 16
17 13
5 35
