80 40
......#............#............#.#..#....#.........................#......#..##
##....#....#..#........#........#..#............#..#..........................#.
.....##......#.......##.....#.........#..#....#.##.#..##..#.#....#..##........#.
#..#..##...............#......##.........#....#..........#...#......#...........
#....#..#...#......#...#.#....#..#......#...........#...........#.........#.#...
..........#..#......#..........#.##.#.......#........#...#..#..........#..#.....
........##..#......#...#...#..#..#........#..##........#......#.......#.......#.
...#....#.......#.........#........#..##..#.........#.#....#....#..#......#....#
......#..........#...............#...........#...###.................##.....#...
...........#............#..#.....................#.#..........#...........#..#.#
.#..#........................#..#..#....##.....##..#...#....#...#........#.....#
..#.#..##..#..#..#....##....#.#......#........##................#..#.#.#........
..#........#.............#.#...#..............#......#.#.....#...#..............
#....##.....#.............#.....#.....#..#..#........#.#..........#......#...##.
...#.##.##.......#..........###..#.........#...#.###...#.......#.#...#.......##.
.....#..........#................#....#.........#..#............##..............
..........#.......#........#......#....#...##.##..#..#........#.....#...........
.....#......#..#.............................#.......#...##......#....#.........
....#...#.#....##...#..##.....##.#......................#.........#.#....#...#..
.......#..#.##...##..........#.#......#......#........#....................#....
###..........#................#.....#....#.#.....#.....#.#..#....##.....##......
....................#............#.##.##.#..................#.....#.....#.#.....
................#.#....#....#......#.......#..#.#..#.............#.###......#.#.
....#.#.......#..#...##...#.#.....#.............#....................#..#.......
....#.#.#.##.....#....#......#.........#..........................#............#
.....#....#..###.#..#.#..#...........#.....#..#..#.......##...##..#..#....#...#.
#...#..#........#..................#...#...##.........##............#......#....
.....#.............##...#........#...#....#....#.#.......###......#....##.......
..............#.........#.#.....#.....#...#.....#....#...#.............#...#....
#.....................#....#..........................#....#....................
....#...#.......#.#.........#....#.....#......##.....#.#.#..#.....#...#.#.......
..............#.........#..#.......#..#......................#...........#..#...
..#................#..........#...#........##.......#.......#.#......##...#...#.
..#...#......#...##...#.#.#.#.#...#.............................#...#......#....
....#.....#.......##.##..#.....#.#.....#...#...........#.#....##......#..#.#....
....#.......#.#...#...#....##.......#....#.....#..#..............##.....#.#.....
#.......#......#.....#.....##...#......#.....#......##..............#.......#...
.....#....#.........##.#....#..#......#.#.........#.##......##...#...#..#.......
#...#....#.......#...............##..#.....#...#....#.........#.......#.......#.
...........#.....#...............##....#.........#.......#...........#........#.
100
15 20
12 21
4 21
13 18
5 4
3 8
8 2
14 33
18 21
14 15
7 27
7 27
20 11
1 27
6 30
6 6
13 26
4 7
14 36
14 27
4 22
14 26
20 6
20 16
3 11
17 13
8 36
8 19
18 40
7 26
4 7
7 28
2 8
12 6
14 15
4 8
7 27
16 23
20 23
2 40
19 8
11 18
11 8
8 28
7 38
13 13
2 31
15 2
8 19
4 26
2 38
2 35
12 19
15 19
7 25
2 25
2 40
8 36
7 15
10 34
4 30
12 17
19 19
8 38
15 20
16 17
12 19
7 19
15 20
1 23
14 11
12 4
3 28
10 1
5 11
4 11
17 35
12 15
16 24
16 24
19 34
9 23
8 12
5 17
9 16
16 19
4 19
2 20
5 26
4 40
1 29
14 13
2 14
7 39
3 1
11 18
20 35
11 23
7 12
10 8
