80 40
..............#.#...#.....#...#......##.#....#.#.....###...#..#....#.......#....
....#......#........#.....#.......##..............#...#.....#.#.......#..##.....
........#....#.......#............#.......####....#..........#.#.....##.#.......
.#......#................#.#...........#..............#.#.....#..........##.....
.#.#....#........##...#.#...#.#..........#.#.............#.#................#...
..#.............#..#.#.#....#....#....##............#.....#.....##.........#..#.
#............##.........##................#......#.............#..#....#.....##.
##.#......#..........#..#...#.......#..#................#.#..#.#.#.#.#..........
#..#......#..#..#......#.........###....#............#....#....#......##...#....
..#..##..#...#.....................#.......#.......#.#...##.......##...#....#...
....#.#.#.#........#.#..###......#...##......#.#......#..##.#....#......#....#..
...#..#...#....................#.#.#.#........#...#......#...##.....#.....##....
#.......#......##..##.....#.........#..#.#......................#...........#...
....#.#.....#...#.....##..#....#.....#..#........#..............##...#...##.....
........#..............#..#....#.................#....#......#..##......#.......
#......#..#.......#.........#.#.......#...............#..........#..#.....#.....
....#....#..................#........#...............#...#..........#....#......
#........#.#.#..#..................#....................#..##......#............
#...#...........#....#..........#.##..#.................#...............#.......
....##...#.#..........#........#...#..#.....#...#.................#......#.....#
...#......#..#..........#......#..#..................#.................#.......#
..#......#....#....#...............................#.......#.....###..........#.
....#...#.#.....##.#.......#.#..##....#........#.....#.#.#.....................#
..........#.##....#.....#...#....#..#...........#.#.#.#......#..#...#...##......
....#................#.................#..#.....###.........###...........#.....
......#.......#......#.#...#.......#.........#.......#.#.......#.......##.#..##.
............#....#..........#........#..............##.#..............#..#..##..
#.........#......#.......#.......#.#..#..................#......##....#...#..#..
........#...............#..#.....#..##..#..........#.#..#....##..#...#.......#..
.#..#..##.........#.#..#..#.....#....#..........#..#........#..#......#.........
#...........#..#..............#.#.#...#.....#...........#.#.#.....#.............
.........#........#.##.......#.....#.#..#..#.....#.#...#........#......#.......#
............#........#.......#.........#..#.#.##.#.........#.#..#........#......
.......#.#.#.#.#..#.#....#.#...#.....................#.......#...#..#........##.
..#....#............#.....#.......#..###......#..............#.........#.#.....#
..#......#.................#..#.....#.....................#.....................
.#.#....#.......#...................##.....#........#...#..#.........#......#...
.........#.#..#..#.....#..#....#........#...##.#.##.............................
......##..........#.#.........#...#.......................#.#....#....#..#.#.#..
##...##....#..#.........##..............................................#...#...
100
12 30
9 15
13 5
15 33
13 15
17 22
13 11
4 40
16 40
14 5
10 29
12 18
2 32
4 11
15 25
18 38
17 39
11 11
2 38
3 14
5 31
6 32
14 36
1 1
18 7
18 30
5 32
7 23
11 13
13 19
7 21
5 22
18 17
9 32
4 3
18 4
6 15
19 18
14 33
13 40
2 32
15 36
3 10
17 38
3 7
6 6
18 32
17 8
6 15
19 13
4 21
8 4
9 35
7 17
2 29
13 31
8 10
20 38
19 19
18 3
11 6
16 16
19 13
4 23
6 27
16 36
8 31
13 37
11 4
17 3
6 23
13 34
19 4
4 3
13 1
2 12
20 26
2 9
9 39
3 18
13 25
7 18
11 38
11 29
6 29
9 39
16 28
20 30
16 40
10 10
20 10
15 21
14 40
15 38
4 29
2 26
15 26
6 18
16 28
2 40
