80 40
.....######....#.........#............#.#........#...........#.#...##.#.........
........###.........#......#.#..#..................#....#....................#..
.....#............................#....#........#..........#...#....##......#...
.#.#....................#................##.......#............................#
............##..................#....#.........##.#...#..#...#....#..#....##...#
.#...........#.##...........#....#.......#..............###..#..#.......#...#...
......#......#..........#...........#...#......#..........#.##......#.......#...
....#.................#.#.................##..................#.................
.#.#..........#....#.#...##.#......###......#...##............#.......#.....#...
............#............#.......#.....#.............#....#......#...#.#....#...
.......#.....#.................#......##.........#...........#...#.......#.....#
.#.............#.......#....##...#..................#.........#...#.............
...#.#.......#..#.....#.#...........#.#.##....#..#.#.............##.............
....#......#.##.....#.....#..#.#............#......##.....###....#.........#.#..
.#..#..#...#..........#.......#...........#.....#.......................#.#.#...
#.##........................#......##..#.....#...#...#........#.#.....#.......#.
......#.#.#..#.#.##.#.#..##.........##.....#......#..#......#..#..#.......#.....
........#.....#.#.#...#.............#...........#..##..#..##.................#.#
#........#.#..#......................#.#.....#.............#..................#.
.#..........#......#..........#.#.#...#....#....#..#.#...#......##.#............
.....................##.##...#....#................#.............#......#.......
..#.......#......##.......#...##.#.............#........#....#.......#.......#..
..............................#...#.#....##............#...........#..........#.
.....#.##...............#..#.......................#.##....#.............#....##
....#.......#.#...#.#....#.........##...#..........#.#................#........#
..............##..#............#.....##...#.......#..................#.....##...
.#....#...#.....#...#.......#...................#...##...#.#.........#..#...##..
.....#...####.................#........#......#..#...#............#.............
##.........#................................#.....#....##...........#.......#...
.##.......#.#........#...#.#.....#.....#.#...#......#........##...........#.....
.##.#........#..#.......#..#......#..................##....##................#.#
....#..#...##...#............#........#.............#...#.....#.#####.....#..#..
##.............#.#...#......#####....#...#.#.#............................#..#..
.......................#.##.#........#....#........#...............#............
.......#..#......#...#..#.#......#.......##.............#.....##...#..#.......#.
..#..............#..........##.......................#...##.##.##...#......#....
.#.......#..................#......#...........#..........#..#.#..##........##..
........##.........#......................#...................#....#..#...#..#..
...#...##.........#.........#...#........#.......#..#...........#.#.#...........
.#......#...#............##.......#....#.....#..#.............#.##.........#....
100
8 2
15 14
10 36
15 22
15 28
4 33
3 22
14 31
4 12
15 35
11 24
16 16
15 40
17 27
15 12
6 30
2 5
19 30
3 17
6 12
2 1
4 31
11 10
18 25
10 11
13 22
3 33
9 1
17 37
20 30
15 23
5 5
1 30
14 12
3 27
17 32
9 33
2 30
16 24
1 5
19 33
10 21
7 18
15 2
17 27
14 28
9 9
19 26
15 39
9 12
19 14
12 35
9 15
11 35
15 22
6 32
12 15
10 5
6 10
14 26
14 23
13 26
3 39
19 3
13 33
1 26
9 29
14 37
6 29
2 18
3 8
5 19
8 28
16 35
14 3
1 28
6 28
16 18
16 21
4 33
6 27
2 2
20 6
3 4
6 12
18 20
13 32
17 34
18 8
13 15
16 22
19 3
13 3
13 15
16 13
15 3
3 22
16 33
9 36
15 22
