80 40
.............#......................#......##....#.#.#...............#....#.#...
.............#......#.......###....#.......##............#...#.#.#..#......##...
.#..#...#..............##......#.....#....#.#........#........#..#..............
#....##..#...#....#..#...#.#..#...##..#..#.....#......................##........
.......#......#...#..#.........#.##....#.....#.....#....#..................#...#
.#.......#..........#......##....#.....#...#...#......#...#..##...##............
....#.......#.#..#...##...#.#...##....#.........##..#.##.#.#..#............##...
...#......##.#..#.....#.#....#....#...#.......#....#...........#....#.......#...
#...........#.........#.....#......#...#........#............##.................
###..#.........#....#...........#.###.....#...#.......................#.........
.........#.#...##.......##..##........#......#............#...................#.
.............#........#...##...........#....#..#......##..#...#.#...#.......#...
.#...........##.....#.....#...#..###.......#..#.......##....##...#.........#....
....#.........#.#.#...#..#.........#...#..#............#...#........#...#.......
..........#.#...#..#...#.#.....#.#...#......##.#..##..............#.............
..........#....#.......#...................#.#..##.#....#......#....#.........##
.#...#..#........#............#..........#....#.......#..............#...#......
....#....###...#..#....#......#.##...#.....#......#......#...#.....#..#.#.#.....
................#...................#..#.................#.........#.....#......
......#..#...........#...#.....##..#......#.......#...#...#.....#......##..#.#..
.#....#..........#.......#...#.##.....#.....##....#....#..#....##.........##....
..#...#...#.....#.......#....#....#........#.#...............#.##.....#........#
.....#.....#..##....#.#.....##.#.#...#.......#..#....#..#.......#.....#.........
....#........#.........#......#.....#.......#.......#...........#.....#..#..##..
.....##............#......#.....#.#....#..............#....#...............#....
..............#......##.......#...#...#.........##..#....#.........#.#...##...#.
........#.........#..........#......#..#......#.#........................#..#...
#..##.........#...#...........................#....#....#...#..#......#.........
........#..................#.##...#......#........#....#......#...#.#...#..#...#
.....#............#.....................#.......##....#............##..#........
#.....#.....#...##.....#...........#........#...#.............#.........#.#.##..
...##..........#..........#......#....#....#..........#..............#...##.#...
.#...#.....#.#.#.......#.....#..#............#...#.#......#.#.#...##.....#......
#......#..#..#.......#.#...........#......................#.#....#...##.#.....#.
#........####.....#..#.........................#.................#.........#...#
.........#..#.#..........#.#....#....#....###.##.#..............#.....#....##...
..##.##..................#.....#.#....##.....##...........#.#..#.#...#.#........
............#......#...#.##...#.........#..........#.#......#.#.......##........
.#....#..........##.#......#..............................#........#.........#..
...#....##...#..#..#..##........#.##..####.....#.....#................#....###..
100
8 23
16 36
6 35
15 11
1 2
10 16
14 17
11 17
15 22
19 2
16 29
8 31
7 7
6 5
10 40
1 36
15 16
14 8
17 17
16 17
6 9
17 10
8 38
10 31
5 17
18 32
13 35
18 27
20 2
20 37
9 10
10 24
18 16
10 19
17 17
18 2
18 33
3 16
19 39
12 28
15 10
10 27
18 18
15 10
12 36
3 36
20 27
9 28
17 12
9 36
2 1
16 19
18 29
17 23
19 21
10 15
1 3
5 39
17 19
16 14
12 36
1 13
8 1
14 32
5 16
7 5
20 36
7 6
15 26
18 9
6 3
18 12
2 19
11 36
15 10
16 26
19 3
5 26
1 35
3 40
3 38
7 37
4 10
11 7
16 39
11 10
11 27
18 23
16 32
20 14
19 20
3 7
6 8
5 36
19 36
2 33
2 35
9 21
12 30
6 40
