80 40
.................#............#..#.##......#...........................#....#...
....................#.#...#.#..........##....#....#.......#....#..#.#...........
.......#.........#.....#..##..#..##........................#..###..#....#.......
......##.#............##...#..#............#........##.............#............
##........##.....#............#...#.#....#............#......##....#........##..
..#......##.......................#......##.#...#.#.........#....##........#..#.
.....#.....#.....#.....#.#......#.....#....#.##........#.#.#...........#........
#..#...#..................#...##.....#...........#.........#.........#.#........
.....................##.#............#..##.......##..............#..........#...
..#...#.....................#..#.......####............##...#..................#
#...####......................#..#.................#.......#...........#....###.
.......#.#......................#..............##........#.......#....#....#....
.......##........#..#......#.....#........#.#........#..#.......#........#......
...#.........##.....#.............#....#..........#....#..#.#.............#.....
#......#..#..#.............#..##......#........#......#.#...##.##..#......#...#.
........#...##..#.........#........#..##.................##.........#........#..
...#.#.....#.#.......#.........#...............#..............##....#.#.#......#
........#..........#..##............#.....#.#...................#.#..#..#.....#.
...#..#....##.......#.#...........#..........#...................#........#....#
.#..#.........#...#...##.#....#....#....#.........#............#....#..#.#......
.......#..#...........#.....#..#.................#...##.......#.................
..#......#..##................##..................#...........#...#.............
.......#..........................#............#...........#....................
....#.....................................#....#....##.......##.....#....#......
#...............#.#..............#...#......#.#..#.##....#..........#........#.#
..........##.............#.#....#.........#...#....###..................#...#..#
#...#..#.#.#.....#....###..........#..#...#..............#..............#.#....#
###........#.#.#.......#......##...#....#.....#..##......##........##....#.....#
.........................#..###..##..#....#...#.#..........#.....#............##
.#.....#..##........##...#..................#.....#............#.....###.#..#.#.
#.#..##..#....#.##............##..............#...#.....#....................#..
.......#.#..#.#.....##....#.......###....................#.............#.......#
............#.#...#...........#...................#..#......#...#......#........
...................##.#..........#.#.....#...#....#.##.....#.....#..............
.....#...#....##.#.##....................#.##.#....#...............#.......#....
...#.#.#..................#...........#.....#......#....#..................#....
...#........#....#..#..........#......#..........##.#.#....#.#.#.............##.
#........#....#......#.#.........#....##.....#..............#....#.....#..#.....
......#...#.....#...#.....#.....##...####...###..#....#..........#...#....#.....
...........#.#....##..........#..##.....#..............#........................
100
8 20
8 24
18 30
10 7
2 6
10 30
14 4
18 38
5 13
9 33
6 39
13 13
20 29
17 9
19 32
6 23
12 31
15 20
16 32
2 6
3 38
15 26
3 20
7 13
14 6
13 29
1 16
14 15
1 12
3 4
9 25
13 25
15 35
20 40
13 18
17 24
6 24
8 38
1 37
7 3
3 32
3 29
7 4
14 26
9 29
13 29
15 40
19 37
1 33
20 32
17 32
14 23
11 5
4 26
16 6
17 21
1 11
14 13
3 2
11 4
2 12
9 25
10 32
10 22
8 15
14 12
7 34
8 21
7 16
8 8
5 16
15 37
11 26
7 29
6 32
8 21
12 34
9 37
20 34
18 33
4 35
3 9
5 5
14 20
1 31
13 20
6 20
4 38
8 11
1 12
2 9
7 9
5 13
7 38
18 5
20 8
17 5
3 37
11 26
1 14
