80 40
.......#.....#....#........#......#.#......................#.#......#...###...##
........#.....#...#....##...#...#.........#.##....#..#.#...#........#...........
........#........#........#.#.#.#.##.##......#...........#...#..............#...
........##..#....#.##....#.#.....#...#.#......#...#.............................
.....#............#...#.......#....#..............#...##........##..#...........
.#.#.#............##..#..#....#.##.....#.....#.#..........#..........#..#.......
..##.....##.......#........#.............#.......#..#...............#....#.##..#
.....#.................#...........#.#....#..#.#..#...#..#...#...............##.
...#.....#...#.....#..#...#..........#.#...#...#.....#........#..##...........#.
.#...........#.#.........#..........#...#..#........#.......#.......#...#...#...
..#..............#.#........#....###.......#...#...................#.....#.#.#.#
..........#.#................##.....##.#......#.##......####....................
##.#.....##......#.......#..#...#...................#............#..##..#....#.#
...#...........#........#......#.........#........#.#..#.#......................
.#.................###.#....#.......#.......#...........#..........#..##..#.....
............#...#.....##....#...............##......#....#..#..................#
..#..................##...#...#.#....#.........#..##................#...........
.#.....#......###....###...#.........#..........#............#..#......#........
.....#....###.......#...#.......#....#...#.....#...#..............#.#....#..#...
..#..#.#...#.................#........#....#..##.##...##.......#..##............
.....#............#............#.#.....#......#.####.........#...##........#..#.
.......#.....#....###....##..........#...#.....##...............##..#.........#.
...#.....####.........#.......#.....##.#..#......#.....#....#........#..........
........................#.#....#..#.......#..#.....#..#....#...#.#.#.##......##.
........#..#........#...###........................#...##....#....##......##.#..
...#..#..#...#...#.............#................#......#..#...#...####...#.#....
.#.....#.................#.....#.............#.#........#.....#......#...##.....
.....#..#.....#...#..##.......................#.....##...#....#...#...........#.
.#.....#.........#.....#....#......##.................#..##..#.#..#.............
........##.......#..#.#..#..#..#.#.#.##...#....#....#.....##.#....#.......#.....
#.#.#.........#....#...##.......###......#............##.....##...........#.....
#.#...........#......................#...#....#.##..............#...#......#.##.
#.....#..#.....#......#.#...#......#.......#.....#............#.#......#........
#.....#.................##...#......#.........##...#..##.#..#.....#...#.....#...
...#.........#....###..#.#................##.................#....##.#..........
.#....#.#.##........................#..#.#...#.....###........#.#.....#...#.....
...#.#.#.........#.....##.#......#.#...#...#..#...#....#........#.#..#..#.......
........#.......#..#.#....#..#.......##............#......##...#.##.............
..#.#.....#.#.........#.....##........##...#..#.#........#..#.......#...........
...#...........#........#.....#......#..#....#.................#...#.#...#....##
100
7 30
16 2
13 30
14 12
17 27
7 25
19 38
2 27
19 3
10 9
5 6
13 39
18 11
20 9
19 36
17 9
6 39
10 32
2 34
14 31
3 19
4 19
2 13
12 15
7 22
13 24
17 1
18 1
4 3
6 6
6 28
4 7
16 19
19 35
1 30
13 11
10 28
18 27
9 29
16 33
8 4
12 27
14 29
15 24
6 32
10 2
5 30
6 15
19 38
8 7
15 31
3 38
11 29
13 33
13 23
10 19
19 8
8 39
14 30
3 24
2 17
6 10
12 19
16 24
4 15
14 13
7 27
15 14
7 28
19 19
18 4
14 33
6 14
9 18
13 4
3 4
9 6
2 11
12 1
13 12
10 18
10 36
12 16
2 27
11 31
5 21
7 24
16 4
13 28
18 28
18 35
1 10
19 22
7 30
4 6
6 36
7 22
12 11
3 2
7 8
