80 40
....#........................#...###....#.....#....#...............#............
........#..#...#....##.#....#...#.#.#....#....#.#..#........#...................
...###.#..........#.#.#.....#.......#.#.#..#..#..#.....#............#.....#.....
.###................#................#........#......#...#.......#....#...#.....
..#....#.......#..............#......#.....#.....#.#.#.....#.....#.#.....#......
...#.#.#..#................#...........#....#.#.#............#..#...............
...#.###...............#..#.#...#..............#.#........#....##........#.....#
.#......#.......#........#........#........#..#.............#.....#.........#...
.#....#...#..#..#...#.......#.......#.......#.......#....#.....#.....#....#.#...
..##.....#...##......#........#.##............#..##.#..##.....#..........#......
.....##..#....#.......#....#.....#....#..........#.##...#.....#.##.....#...#....
...#..............##......#.#......#.................#.....#.....#..............
....#....#...............#.........#.......##.......#.....#..........#.##.......
.#......#...........#.##....#......#...#..#...........#......#.#.......#...##...
.#..........#.#.........#...##......#.#....#...#.#..#..##..#....................
......#..........##.....#......#.##.....#..............#.......#..#.....#......#
#....#.........#.....................##...#.......##.#....#....##..........#....
.......#.....#.........##.#..#.........#........#........##..................#.#
....#..#.#.....#............##.....###....#..##..#......#.........#............#
..#...............#.#....#...#........##....#..#............####....#....#..#...
.#.......#.##..#......##..........#..##.......#....#.#.......#.........#.#.....#
........#...#.....#....#..#.....#.....#..#.##....#...#......#.##.............#..
.....#.......#......#......#.......#.....#......................................
................#.....#........#..........#.#..###...#......#...#...#.......##.#
.#.........#.....#....#...........#.............#......##.........#..........#..
#............#.......#..#.....#.........#......##....#.....................#...#
#.......#.#...#........#..#..#..#...........#..##.................#....#......##
............#..........##..#.........#.....#...#......#....#...#.......#.#.#....
...#.#......#...#...#....#.........#.................#.....#.......#.......#..#.
.#.......#..........#.......##....#..#.............#.#......#..............#....
....#...................#...#..........###..#.....###...........#.#.##........##
.....##.......##..#....##...#.....#.....#.......#.##..#..........##..#.#....##..
..#.#....#.......#..#....#...#...#...#....#..............#.#.....#...#..#.#.####
......#............#...#.#..........................#................#....#.....
...#...#.....#..#......#.#.#...#..#......#...#...............#.......#..........
#.......#...#...............#...#...#.#......#....#.......#...................#.
................#...#......#..................###..........#..#...........#.....
........#.............#....#..#................................#..#.............
.....................#.........#.....#.....#...#........#....#...#...#.#........
......##....#..#..#..##...........#..#.....###........##.................##.....
100
19 34
5 2
3 21
1 25
7 34
5 30
6 3
12 6
8 25
3 23
12 26
18 24
10 10
6 22
9 30
3 8
19 15
17 36
4 35
20 3
8 30
13 29
19 4
19 5
14 25
12 23
7 24
7 15
20 35
2 28
5 8
2 17
17 29
3 19
20 10
15 17
15 11
19 20
2 28
11 35
15 9
1 38
19 5
3 12
6 5
8 3
13 13
13 6
13 19
13 9
1 13
2 10
18 25
12 36
16 21
18 10
19 40
4 15
15 9
19 22
7 8
10 14
13 18
18 12
2 29
11 9
20 31
4 33
4 29
1 14
20 23
1 40
5 26
16 37
1 19
7 30
16 29
4 10
8 24
4 2
6 9
1 28
2 6
17 36
1 2
5 33
15 6
10 18
9 10
9 12
1 25
7 35
5 27
8 8
19 3
14 12
2 33
9 15
14 21
20 25
