80 40
......#.........#....#.........#.......................##..........#............
......#.........#......#.....#........#........#......#.#...#.#...#........#....
....#.......#...........#............#......#.........#.##..#.#.#............##.
.........#.#.#..#......#....#....#...........#..##................#..#........#.
........#..#......#................#..#.....#.##.......................#........
..#....#....#...##........#..#.....#..#............#.#...#..#......#........#...
.......#..#.#.....#.#.........#........#........#...........#...#............##.
...................#........................#......#...........#.#..#.#.....#...
..#..#..#.....#..##...........................#......#...#.....#.......#.#......
..#.#..##.#.......##.....#.....#.###..#....#....##.....................#.......#
............#.....................#........#...##.....#...#......#..#........#.#
......#..........##.....#.#.......#...#..................#.##....#....#.#.......
...........#.....#.....#.#.............#.......#..#...#.........................
#...#.......#......................#.#...#............#..........#......#.......
...#.####......#.........###.....#............#.#...#..........##.#......#......
...#......................#...###..............#...#....#.........#......#..#...
..............#....#...#..#.#..................###.......##.#......#......#...#.
..##...........#.#.....#..........##.#..#....##....#....#......#..........#.....
#...#....................#.............#..###...........#.....#..#...#....#.....
..#....#.........#.#........#...#.#......#.#..#....#...##....#.................#
##................#...........##...##..........#.......#........#..#.....##.#...
.........#....#....#..................#....................#......#.............
................#.#...#........#.........#.....#.#.##..........#.....#..........
.......................#.......#.#.#....#..#..#...#....#...........#.#.#.....#..
..#.#........#......#..........#.......#....................#..#.#...........#.#
.#.........#...#..#...#...##....#...#.............#.....##.........#............
....##.........#.#.............#....#...#...#..#....#........#...........#.....#
....##...#...#..#......#.#....#..##.....#..................#...##..#...........#
#.....#.........#.............##...........#..#.....#....#.............#........
...........#......#....#.........#.#....#....#.....#...#....##........#.........
.......#........#........###..#......#.....#........#....#.......#..#...........
#..#..#.##..#....#..#.......##....#.....#.....##..##..............#.....#.......
#......#.#.##...#..................#..#..##........##.....#.......#...........#.
........####.......#...#....................#..........#..##..............#...##
...#...#.....#..#....#..#.........#..........###..#..............#.......#.#....
..........#......#.#.........##..........#........#.#......#........#.........#.
.#..####.#...#...........#.....................#..#....#.............#.##...#...
.##......#......#...##.........#....##...#.................##..#...........#...#
.##....#.##..#..#............##.....##.##...##...#....###.#.........#...#....#..
.....#...#...........##...#..#..#.....#.....#.#..........#..#.....#..........#..
100
1 11
12 38
7 10
4 39
6 1
18 36
11 18
1 37
5 7
20 10
10 19
16 23
10 17
18 9
19 40
16 38
18 27
16 37
10 29
1 13
13 15
3 22
9 6
5 4
18 20
11 18
18 8
17 10
10 9
18 11
16 24
2 35
4 24
5 34
15 29
4 34
3 2
20 5
17 4
5 7
15 10
13 30
16 15
5 23
11 15
8 20
7 21
1 29
14 30
6 19
7 22
14 9
4 15
18 5
17 18
12 13
12 5
3 7
9 40
5 21
3 23
9 32
16 15
17 2
15 15
7 31
19 28
4 13
15 39
14 22
13 13
4 22
1 20
20 26
2 4
4 12
18 16
4 23
12 3
16 35
5 28
20 25
18 15
7 25
12 20
6 36
10 20
7 5
12 26
16 30
2 37
5 20
7 13
12 17
18 19
9 2
5 23
8 26
11 21
8 37
