80 40
#...#.....##............#..##.....#.......#..#...............#.......#..........
....#..#....#....#...#........##...#...#.......#...............#..........#.#...
.#........##...#....#...##.##..#.........#........#...#........#...#....#..#...#
.#......###...##.#........#.......#...........#.....#..##....#...........#..#...
.....#............#.#.....#......#.......#.#...##..#..#...#....#................
..#................###.......#......#...#......#.................#............#.
.............#.#.........................#......##........#....#.....#..#...#...
...#.#......#...#....#....#....#.................#.....#.#.#..#..............#..
........#......##.#...#.#......##..#.........##.......#.##....#.....#.#...###...
#...#...............#..#...#.........#................#................#.....#..
...#.##...##.###.....#.#.......#......#...#............##..#...#..............#.
...#.#..........##............#.###.#.....................#..#..............#...
.##....#...#..#.....#......#..............................#.....##.#............
...#......#......#..##....##....##...#..#...#....................#.#.#..........
.....#.......#.....##.......#..........#...#..#..#..#.....#..#.....#.....#..##..
...#.#.....#............................#...#........................#..........
....#......#.......#.#.....#....#......#.....#....#.#..#....#..##...#.......#.#.
.......#.#..#..#..#....#...##..#..#.#.#.....#.....#.#...........###..#.#...#....
.#.#.................#...#.#...#...#.....#.....#.#.................#..#.###.....
#.......#..............#.....#..#.##........##...........#....#.#..#..#......#..
.#...#...........#....#..#....#..###..................#..#...##........##..#....
..#.....#.......#........#.#..#......#.......#....#.....#....#..........##......
.....#......##......##.....#................##.........#.##...#...#.........#...
#.......#..##...#.......##.#.#.......#..###....#........................#.......
........#..#...#......#.............#...#..#...#.#.##.....#.#........#..#.....#.
.........................##...............#....#.#.............#................
..#......##.........#.....................#...##.#.#...#.#...........#..#.......
#....#............#.#......##......###.#...#.#.#....#.............#.#....#....#.
.......#.#..#.....#....#...#........##.........#........#...#........#.......##.
.............##.............#.....#..###...#........#................#....#.#...
..#.#.#.....#.........#....#.###...##....#....##.....#.#...#..#......##.....#..#
#.......#...#......#...#....#...........#.###.#..##.#......................#..#.
..#.#..#..#......#.........#....#....#.#....#...........#...............#.#....#
............#.#........#....................................#................#..
.....#.#..#.#..............#...........#.....##.........#........#.....#.#...#..
...#..........#.......#...............#.....#...#.#.........##..##..............
.#.........#.....#.......#...#....#.....#.##......#.....#.#..#.......#........#.
....#.#.....#.#..#.......##....#............#...................#......#........
#.#.#...#.....#..........##..........#................##.....#....##.....#......
.#.#..#........#..#.#...#..........#.........#......#.##..#.#..#.#.............#
100
12 21
11 28
11 33
6 30
19 6
7 19
5 27
1 15
8 4
5 8
3 17
12 22
5 6
16 24
16 12
18 8
11 3
15 10
9 20
12 36
20 24
14 23
4 1
16 36
2 37
18 6
2 26
4 17
18 16
19 29
1 22
3 33
4 7
7 28
5 2
3 8
1 22
14 22
17 29
2 17
5 31
19 20
12 30
17 18
7 35
12 19
10 8
4 33
10 22
19 16
4 13
6 21
11 10
13 40
19 10
11 2
4 38
13 9
6 37
10 38
2 32
3 6
1 29
1 1
10 38
12 14
12 22
20 9
18 8
5 27
3 4
19 20
9 3
10 6
10 11
6 10
5 32
7 16
5 13
18 1
3 4
8 34
5 37
14 7
5 11
20 31
17 22
4 20
17 5
12 20
16 22
1 33
16 37
17 10
8 24
16 33
15 7
9 32
18 5
11 2
