80 40
.........#.#.........##...........#............##..........#..#..#.#.......##...
.#..##....#.....#..#.......#...##.#.#......#..#..............#..................
...##.......................#.....#......##.........#....##.#.....#....#.....#.#
............##.......#.....##...#.....#........#.#................#.###..#.#...#
......##.....#......................#.....#...#.#.....##..........##....#.......
.....#.##...#.....#.###...........#.#...#...#......#..#.......#..#.........##..#
..##..........................#.............#.#.........#..#.....#............#.
............#...#.#.....##...........#..##...#.#.##.....#........#.#.........#.#
.....#.#............................##......#....#..##...#.................#...#
...#......#....#.........#..........#..............#..................#..#.#....
#.....#......#...#....#.....#..#......#..........#..##...#............#..#.#.#..
.#......#...#...#...#..#.#...#.....#...#...............................#.#...#..
...#...##..........#.....#...#.#........#...#.....##.#........#......#....#....#
..#.......#....###..........##.#.##............#.............##......#..#.#..#.#
.#..#.#..#...#...##........#.......##.#............#.............#..............
.............#.#.#.#..................#......#.#####...#..#.......#...#.....#..#
.#...#....#.#..............#...#....##.........#.#........#..#..............#...
..........#...#..#...............#...#........#......#.......#.#.........###...#
.....#...............#..........#.#...#.#........#...#..........................
......#..#................#....##........#........#..##...........#.....#.#.#..#
...##....#..#................#.#..#.......###......#..#.#..#..........#.#...#..#
.......#.............#.......#..#............#...#.....#.....................#..
........#.....#........................#.#..#.#..#........#...#...#.#..........#
...#.......#..#...#.....#.#..#...#......#.##...#...........#.........#.......##.
##.#....#..#.......#....#.......#....##....#......#.##.....##...#...#.#........#
.......#...#.....#...#.#...#.#......#.........##...........#....#.........#.....
.....#...........#..............#...#..#.#.....#...#...#.....#......#......##.#.
..#..#.......#..........#....#...#.#..........#......#..............#...........
#.........#.........###.............#..#...#...........................#........
...........##...#...........#...#.#.......................#.....................
..#.#..........#.#.....#....#...........##........##.#........##.........##.....
#...#...........#..#.....###.......#..##.#.###................#...##.........##.
........#...#.................#....#....#....#....#.....#......#.......#.#.####.
.##...#.....#......#......##.....##..#.........#.#.#...........##...#...#.......
.....#.........#....#..#.....##...#.#....#...#..#...........####...#...#........
......#.............#.##.......#......#.#.......###..#.#.#..##..........#..#...#
.##........#..........#....#...#......................##.##..........##...#...#.
....#..................#...##.......##.#...#......................#........#....
......####.........#..............#..##.#......#.#.#..#.........#.......#.......
.......#.#..#........#.#..#.........#..#.........#.#..##.......................#
100
18 3
13 24
12 29
2 14
4 24
18 16
17 19
11 37
8 1
9 29
11 25
15 40
20 34
13 39
15 11
15 3
1 10
20 17
5 21
4 40
16 20
1 26
2 13
5 25
5 3
2 8
18 16
12 8
15 9
19 35
13 11
16 24
14 5
2 21
20 7
17 2
14 5
15 8
12 13
4 40
13 19
17 31
15 5
14 30
8 8
19 24
8 13
15 13
16 7
18 7
15 39
11 32
6 18
8 28
14 19
5 15
11 1
8 35
5 5
14 4
9 29
11 14
11 18
9 26
18 28
10 38
2 10
7 38
19 2
12 8
17 25
7 15
7 31
16 22
7 24
2 37
17 8
7 1
3 3
6 37
3 27
9 4
19 25
18 25
12 15
20 26
18 9
8 17
13 22
11 22
19 24
8 33
19 21
17 16
7 21
1 15
9 34
18 21
15 40
15 9
