80 40
...#.........#..#........##..........#.#.....#...............#.#...#.....#.#....
.......#.........#..........#......##..##.....#...#...........#...#.......#....#
....#............#..................###............#...#.#.#......#......###....
#.#.................................#..#..........#.........#...................
.......#....#........#.........#..#.....#.#.....#...............#.#............#
#..#......#..#..#...............##........#.#..............#.......#....#..#....
.....#.........#....................#.....#.........#.....#.#.......#..........#
#...................#...............##.....#.#.....#.......#.#.....#...#..#.....
....#.........#.......##...#..#.........................#.......##.....#.....#..
.#.#.......#......#.##.#.#..#.#.#..........#.#..........#....#...#........#.....
.#.........#.............#.............#.#.#......#.......#.##.............#....
...#.##......#.........#..#..##..#......#.....#.#.#.##.#.#..#...#............#..
....................#...#.#..#......................#..#...#............#.#.....
.#.##...........#..........#..#......#.......##...............#..#...........###
.#.........#...........#.......#.##.#.........#.#...#...#..........#...#........
....##...#.....#.......#.#...#.#..##......#...##.....#.............#..##........
....................#..........##......#..##............##........#...#.##......
..#.......#....................#...#......................##......#...###...#...
.#......#..#.........#..#.#.......#.###.#.......#...#....##..............#..#...
..##.....###.......#.#.#...#.#...#...#..#......#.#........#....##.....#........#
....#..........................#...#.............##.............###..#.....#....
##.....#...#....#..#......#.#.#...#.....#.#...#..##....#..#.........#...#.......
.#..##.............#...#................#....#................#.................
#..#.....##............#......#...#.#...........................#...........#...
..#..##.##.....#...#.....#.#...#.......#........##..........#.#......#.##.......
....####............................#........##.....#.#..#..#......#.....#....##
.......#........#..........#........#..#..#..#.............###..#...#...#.......
#..#..#.....#...#...#.....#.............##....#.#.#......#........##......##....
......#.#..##...##.....#.###....#....#.#..........#..#..........#.##....#....#..
....#....#..##.#........#........#.......###.......###....................#.....
..........#...#.....................#.............#..#.#...#......#....#........
##..#....#......#......#.#.#....#.##..#........#........##.#.#.##........#....#.
.........###...#.........#.....#..#....#..#.........#..###..#..##.....#......##.
........#..............#.#...###.#...#.....#...#.#..#..........#.#.#.#...#......
...#.........#...........#......##....##.............##.#.##...#...............#
.#..##.#..#...........#..#..##.......#.#..#....#....................#...........
.#.#...#....#...........#....#.#..#....#..........#....#...###.....####.........
.#.......#.#...#..##..#..........#...##........#...##..........#...#.......#...#
..##....##.......................................#..#.....#....#....#..##.....#.
......#.#.........##...#..#.....##.........##.........#.....#...#.....#.....#.#.
100
14 22
17 2
12 29
7 6
9 2
16 6
17 15
15 24
6 22
2 9
12 24
10 34
9 7
1 13
2 15
9 9
5 16
12 14
4 27
2 20
9 5
19 31
2 2
4 15
6 1
1 9
7 25
17 23
20 21
7 31
11 15
13 23
19 14
9 39
1 13
10 32
6 10
14 11
14 10
5 6
16 27
15 37
12 40
17 30
19 38
18 6
14 13
1 10
6 33
3 39
5 3
14 17
4 10
13 15
1 34
15 28
11 23
9 34
9 28
4 34
4 32
12 23
6 27
17 13
7 22
2 39
18 40
13 28
8 16
6 24
19 12
9 1
19 25
20 37
17 14
14 4
4 4
19 39
16 19
9 12
19 15
18 5
14 27
2 2
4 8
2 16
14 36
15 1
15 1
8 14
7 20
17 38
12 17
4 4
19 22
20 24
10 21
17 9
5 14
17 37
