80 40
.......#..........#...#........#...#.........##...................#.....#.......
.........#.......#......................#.#...#.#.#........#...#..#......#....#.
.#......#.#.#..#.....#.....#....#.............#.....#.....................#.....
......#...#....................##..#...........................#..##............
.......#........#..........#........#.............#.......#..#..#.......#...#...
.....#..............#..#..............#.#.#..#.#..##...#......##......##......#.
#...##.#.............................#..........#......#.......#..........##....
.............#...#.........#......#.##.......#.#.............#..##..#.....##....
#.#.......#...#............###.#..#............#...#.##.##................#.....
#..#........#.#...........#.......#....#....#.#....#........#..........#.......#
#........#....................#.....#.....#......#...#..##..............##......
#.....#.#....#..#......#..#...##.............#....##............#.#.............
.....#.##.........#......#.#.......##........#....#....#........#..#............
#..........#...#...#...#.....................#..#......#.#..#..............#....
..#.........#.....#..........#......#.##...........#.#......##.#.........##.....
#.#.##.....#..#.........#......#.....#...#...........#.....#.#....#..#........#.
..........##..##...................#...........#.........#..........#......#....
#..................##...#.#...###...........#.....#...#..#.......#..............
..#..........#.......#................#..............#.....#....#..............#
.#....##......#.......##..........#..#.....#.....#.....#............#...#......#
.#.#..........................#......#..........#.........................#.....
.....##.........#....#.......#..#..#...............##...#...#..#......#...#..#..
#.......#.........##...........#.#.......#...#....#..................#...##...#.
...........................#...#.........#...#.......#.#...#.........#..........
...#........#...#..............#...#.......#.......................#..##..#.##..
..#...................#............#....................#........#.##..#........
...##..##...#....##............##...............#........#.....#...#......#..#..
......#.......#..........#......#.##.......##.............#..#......#.#.........
...#...#..#.........#...#..#....................#..........#..#.................
..........#........#..#...#............##.#......#.........#..#...........#...#.
..........#.....#...###.....#....#.......#.............#....#.......#..#......#.
....#...##...###......#.#......................#...#....#..#...#..###..##.#.....
.#..#....#..............#..............#.#................###......#.......##..#
...#..#..#....#..#...##..#..##.#..............#.....#.............#......#.#....
....#....#..#.....##.#.#..#........#.#...#.........#.....#..............#.......
....#.##..#...............................#.......#.#..#..##...#.....##..#.....#
.#.......#...............#......##..#.........#...#....#....#.#.......#..#..##..
..##............#.#.........#....#.#...........#............#..##.........#..#..
.....#..#.....#........#........#....#........#.........#..#...#....#........#..
..#..##........#.#....#....#..#.#...#.#....#.#...#........#..#.......#......#.#.
100
10 37
20 29
20 9
6 15
8 6
19 11
19 33
8 37
8 9
3 26
10 39
3 29
15 36
4 9
13 36
16 14
10 22
17 16
1 34
3 15
15 23
11 21
1 33
11 38
1 36
15 34
18 31
16 6
8 7
20 30
3 2
6 19
14 20
5 2
5 39
15 8
1 27
1 6
14 9
18 17
19 5
11 9
2 2
20 18
19 40
12 21
4 18
18 35
1 39
2 24
15 7
12 37
2 36
16 25
15 33
13 32
20 23
12 11
18 18
13 20
2 3
16 20
16 8
17 17
1 14
20 27
1 27
4 6
11 35
7 15
16 38
11 14
3 23
3 23
10 33
3 1
1 38
7 5
16 32
5 31
2 33
3 15
2 30
2 28
18 28
14 23
6 30
8 38
2 37
13 28
4 12
9 10
11 23
16 5
5 12
1 15
16 10
14 34
8 13
20 33
