80 40
...#....#...#..##......#....#.....##..#........#......#.....#...#...............
............#..#.#..#.#..#........#...#.#.......#......#....#...................
.....#.#.........#.#....#..#......#.#.......#.......###...#............#..#.#...
......#.............#......#......##............#....#..........................
...##....#........#......#......#.#....#.....................##..........#.....#
#.......#...#........##..............#...#.....#......#.......................##
....#...#...#.##..#..#...#..................................#..#..#.#.#.......#.
............#....#.....#............##..##...##..#.......#....#.....#..#.#.....#
......#...........##............#..#..#.................#.##....#..##......#....
..#....#..#.#..###.......#..................##.....#............#.....#.....#...
....###............###......#..#...#..#.....#...................................
......#........#..................#.##.#......................#.....#....#..#..#
....#....#.#......#....##.....#.........#...#..............##....##.......#.....
.........#....#......#...#......#.#..#...#....#...#.##.......#............##....
......#.......#...........#..#...........#.#.................#..##..............
.......#...##........#..#.............#.#........#....#........#.....##.........
......#....#.....#.....................#.............#.#...#...#...#...#.......#
..#..##.......##.......#...#..#.#........#...#.....#....#.#.....#...#.......##..
##...##.#........##.........#.###...#..........#.........#.....###..............
#......##..#.......#.........#..........#....##..#.##.................#.....#...
.#.........#......#..........#...#...#.....#..#.#.#..........#.......#..#.......
.........#...#..#.........#.#..........#.##........#...............#........#...
.....##..#..#...#.....................#..#.#....#......#....#.............#..#.#
....##..#...#........#..#..###....#.#......#.................#.#...#.......#..#.
...##...#..........#..##.#........##.#.#.#.#..#......#....#........#............
.......#...#....#.....#...............#.#......#.............................#..
#........##..........#.#.........#..............#.......#.#.........#..........#
#......#........##.......#......#....#..#.#........#.................#........#.
....#.................#...#...........##.......#....##.#.....#.....#.........#..
......#......#.....#..#.......#.......#...#........##...............#.###.#.....
.........#.......#.........#.....#.......##........#........#..........#......##
............#..........#....#.#........#...#..#..#.....#.#.......#......##..#...
.#...............#........#..#.........#..#.........#...............#..##.......
......#...........#.....#.#..#.#.....#...#...#....#................#....#.......
#.........#..#....#..#....#....#.##...........#.#...#............##.#######.....
....#...............##................##.#.##..##.......#..#.......#..........##
#.#........#..................#...#.......##.#...#.....#.................#......
.###......#.#...##...##..#........#...........#.............................##.#
.#...............#....#.....#................####...#.##....#.............##....
....#...#....#..........#..................................#.#..................
100
8 3
8 32
8 27
16 19
13 29
17 19
3 35
19 21
17 9
11 23
2 15
9 25
20 34
2 11
12 14
13 24
2 8
13 8
4 1
13 10
18 23
7 26
7 4
5 20
13 23
6 14
7 22
10 30
13 37
8 38
8 25
1 28
16 15
15 28
5 6
8 19
13 32
17 37
8 4
20 3
10 37
20 39
17 2
11 12
5 1
4 13
15 4
2 19
13 12
6 27
18 23
10 24
2 24
11 9
18 9
12 37
7 12
14 12
6 20
2 30
15 34
1 40
10 17
2 19
7 40
9 5
4 7
12 20
7 21
19 35
2 24
15 40
10 3
11 27
3 5
19 7
7 21
14 21
12 11
20 8
20 17
5 5
14 23
14 16
18 7
19 19
11 22
12 27
2 20
15 32
7 22
12 2
1 26
12 8
3 30
9 11
16 30
15 39
9 24
8 10
