80 40
....#.............##.........#...............#......#...........#....#..##.#..#.
.#..##......#.#...#..........#....#....#...#.....#....#.#.....................#.
......#.#..#.......#..##...........#.........#.###...#.........#....#...........
...#.#...............#........#..............#.#...#..#........................#
.......#...#.....##..........#..#.....................#....#.....#.#..#..##.#..#
.....................#..#.#.##.##.....#..#.......#........##....#....#.#.##.....
......#.#.........#.#.##.#......#.................#...#..........#.#............
..#.......#...#.....#.#..##.....#..#.............#..#..#.....#.#........#.......
.#............................................#...........#......#..........#...
....................#.#.........##.............#.#............................#.
..#..#...#..#.........##..#.................##...#..###.....#.........#.........
.......#....#....#.....#.#.#......##....##..........#..#..........#......#.#.#..
....#...#.##.....#...#..##.#.......##.#.###.#...............#.............#.....
...#..#.......#............#.............#.##....#.##....#..#..#.........##.....
..##...#......#............#...#...........#.......##.........#.....#....#.....#
#.....#.........#..#....###....#.#.......#...#.............#.#..............#..#
.#....#.#...#...........#.........#...#...#...#..#..#....#......###.......#...#.
.........#...#....#..................#........#.#.......#...#.#.#.....#....#....
.#...##.#....#.##.#.................###...#..........#...#...........#....##....
##..##.............#..............#.#................##........#.......#.#.##...
.#......#...............#................#....#.#..#......#......#...#..#.....##
.##......##...................##.......##..#...##..#................#.#.........
.#...........#.............#........##.#......#.##........#....##.......#.#.#...
.....#.#..........#...#.........#...................#...............#..#........
....#..#...#.#............#.#.....#...#......#......#..#...#...........##...#...
.........#.#...#........#...............#..........................##....#......
##..#.#.#.....................#..#....#.........#..#........#...#........#...##.
#...##..#....#..#.....#.......#......#................#..............#..........
..#....#...###.#..........#..#.......#..#.##..............###..#.....#...#......
#.....................##.....#........##....#.............#......#..............
.#.......#..#...............#....#.......#.....#.#......##.#........#......#...#
.........#......#....#........#...#............#..........#...#....#............
......##............#............#.....#......#........#.#.............###......
...#...........#.......#...#...#....#......#....#...#...##.........#...#.#......
..#...........#...#.#..................#......###............#.......##..##.....
..##.................#....##....#.......##...........#.#..........#.....#.......
..#....#..............#...........#..#..............#........#...........#.#...#
....#....#.....#.................#.........#...............#..#..#..............
......................#.#.....#...#.....#..........#...#....#...#.....#.........
.....#.#..........#....#..##.....#...##.......................#.......#......#..
100
20 38
19 36
14 15
4 39
14 37
7 31
2 27
4 36
20 1
11 15
15 6
15 6
14 37
11 39
8 19
5 25
7 37
11 28
14 5
17 24
7 34
7 23
5 22
1 13
1 27
1 17
4 5
5 11
1 20
6 17
19 24
9 18
6 28
19 7
6 4
4 37
18 13
6 37
8 13
6 22
14 6
3 35
3 8
14 18
18 5
15 24
10 5
12 7
16 17
7 6
4 6
8 27
2 39
16 30
15 22
19 26
13 6
5 1
16 4
17 36
11 3
17 31
2 4
12 38
18 31
12 15
10 36
17 34
5 35
16 14
1 4
14 10
10 8
10 14
10 36
20 9
1 30
20 6
16 22
12 15
20 37
18 5
20 2
2 16
13 18
19 12
8 26
9 13
4 37
8 32
17 32
5 9
17 28
10 11
18 6
3 6
12 6
1 20
8 23
2 16
