40 80
....#...........#.......##........#.####....#...#...#...#...........#..#..#.....
#...........#..........##.#####....#.............#...#..#........#....#.#.......
..#...#..#...#.#..........#.....#...#....##.###..........#......#.##..#....#.#..
.....#.....#...##...##..#........#....#.#...#...####....##.....#...#..........#.
...........#...#.....#...............................##.......#...#...##...#....
............#...................#.#.....#....##..............#.#.........#......
...............#........#.#.....#.....#.#..#.#.......#....#.....#.#........#..#.
.#.#.#.#...#........#...#.........#..##..#....#..##...#..#...##.................
.....#...........#........#......#..###..#...###.#.#.....#......#.....#.........
.....#.#.##...............#...............#.......#.#..#..#.....#...............
.....#..#....#......#...#.........#...##............#......................#....
........#....#.#.#......#.......##....#.......##.#.....#...#.#.##...#..#..###.#.
...................#.#.....#..#..................#...##.#.#..#.................#
..#.#..#.#.......#.#..#...........#....###................#....###............#.
......#....#.........#.....#.#....#...#......#..........#.#..................#..
....#.........#..........#..................#.#..#..#.#..#..#..##.....#....#....
.#......#.#.....#....##...#.#.....#.....#......###...#..#...#.#..#...##....#....
........#............#...#.#........#....#....#.............#.....###......#.#..
.....##.#...#........##.....##...#.......#.....#......##.#..#......##.....#..#..
.....##...#.......#..#..........#.......#...#..#.#...#..................##......
............#....#.#......##............#..#...............#................#...
..#............##..#..#.#.#.........................#...#.#.........#.#......#..
......#.......#........###.....#.##.##..#...##.#..#.................#...........
..#....#......#.#.....##...........#.##......#.##......#............#.#....#....
#.......#....#..................#.....###..#.#...#...........#...#..#...........
..........##..........#.....#......#.....#.#....#......#..#........#........#...
...........#.....#.................#...#..#......#.....#.#....#..#..............
..#...#..#.........#.#.##..#........#..#.#..........#..#........#............#..
....#..#..#....#.......#.....##......#..........#...............#.......#..#....
..............#..........#.........#.#...........................###...#.......#
......#....#........#...###....#.....#....#..........##.#....#.#....#...........
..#........##........#...#.#................#..#...........#..#..#.##...#.#.....
.....#.#..##..#.......#..#...........#....#.#............#...#.......#.......#..
...#.......#.........#...#.#........#...#........#..........#......#...........#
##...#........##.............#........#..............#...#......................
....#.............#..#.....#...#.#.............##..#..........#.........#...#...
...#............#..................#.........##..............#..........#.......
.#......##.......#....#..##....#.......#......#.......#..#..#.........#......#..
.#.#...#..................#.....#..#..#..#..#..#...##.#.....#.#.....#...#####...
...........................#.....#....#........##.#.##....#.....##...#...#......
100
1 31
15 9
18 18
3 12
15 15
7 11
17 29
11 24
9 17
6 24
15 9
15 36
9 10
11 30
16 31
9 33
7 25
19 4
15 10
8 6
8 12
16 40
15 16
1 7
2 29
12 3
1 18
2 37
14 14
1 2
13 39
4 20
7 19
15 29
10 32
6 5
19 20
16 34
3 10
10 1
8 1
1 1
9 22
20 22
13 35
9 26
5 1
7 40
11 18
3 37
3 24
5 20
16 39
14 21
19 31
12 5
13 16
16 12
19 20
7 14
3 9
2 33
5 13
2 6
5 11
4 33
11 20
2 22
14 12
7 36
8 3
11 7
19 22
16 9
13 36
18 7
4 17
15 26
7 9
18 6
6 11
7 4
7 2
14 22
6 14
3 12
5 3
15 18
17 29
3 11
4 22
8 19
14 22
2 2
15 36
12 11
8 40
16 36
4 5
7 15
