80 40
...##........#...#...............#....#.#.###......#..#.......##.............#..
..#...#....#.#....#......#...#....#....#.........#......#..................##...
..........#.###..#.#....#.......#.#.........#..#.....#........#....#.....#.#....
.....#..#....#..#......##............#........#....##..#....##..#..#............
.#..#....#........#...#..................#..........#...#.......#........#......
.....#.#..#..#........#........#....#..#....##.#....#...#.#..##...............##
.....#....#..#...#.....#......#.#....#....#....#.....#..##....#.............#...
...#.#......#...#......##.............#...#.....#.........#.....................
...#..#...........#.#...##..###........#...#..#........#..........#....#...##...
...#.........#.....#.#....#................#...#.#.#.......#..##....##.#........
....#..#.#.........#........#.....#.#.#.###.............#...........#........#..
....................#.......#...#......#.##.#.....#.......#..##.#...............
.........#.#..#.......#...#...........#.#............#........#.................
.#..........#.#............#....#..........#......#..#...#...##..........##.....
#......#.#.#..................#..........#.........#....#.........#...........#.
.........#.##....................#....#.#.....##.....#..##.....##...............
..#.#...............##..........#....#...............#......#........#....##....
#.....#........#...#........#.#.......##...#..#.#........#..#.........#.........
#................#..#..#...###...#............#..#.##.........#.....#.###.#.##..
......#..##....#...#..##..###.#..#..#.#.......#.....#........##........#........
#..............#...#...............#.......#.#...##.......#.###..#...........#.#
....#......#...#........##...#...##.....#...............##...#....#.#.#.........
...#...#.......##.#................#.....#...#.#.....#.#....#.#..#...#.###.#....
.........#..................#..#......#........#.................#.#....#.#...#.
..........#...............##....#..........#..........#.###.....#.............#.
#..#......#.##..#......#.........##.#.................#.........#..#......##....
.....#.................#.................#....#......#..#.#.........#.##.#......
..#....#.................#.#.....#......#.......................................
..#...........#....................#.#..#....##.......................#..#.#..#.
........##....#............#....#....#..#....#.#..........#..#.#.......##..#.#.#
...............#..##.........#......##......#..##.#........#....................
......#....#.#..........#..#...........#.........#..........#..##...#...#.#.....
.#......##...........#...........#................#...........##...........#..#.
#............#.....#.....#.#............#...#.#................#.....##.......#.
.#...#..#..#.#............###........#....#....................#....#.#.........
#........#.......#.#.#.............#..........#.......#.#.............##........
....#.........................#.........#.............#.#.##................##..
.........#..#...#........#.......#..#..#....##.#..#.........#....#............#.
..........#..#......................#.......#.......#...#.............#.......#.
#.......#.........#...#...............#..............#.##............#...#......
100
3 23
13 6
5 40
12 31
16 23
1 22
17 16
12 21
17 12
8 38
14 27
12 14
2 7
1 11
19 37
5 28
3 4
20 30
15 1
4 16
5 15
20 40
9 22
5 11
17 10
13 15
15 18
7 36
10 10
1 35
16 21
18 30
19 40
16 14
5 4
9 10
6 20
12 20
12 4
2 20
11 24
4 37
6 37
19 27
20 22
4 20
12 23
14 13
15 6
16 17
13 2
2 25
7 34
9 22
17 28
8 17
17 9
18 3
5 10
17 2
17 4
1 32
20 2
18 24
17 4
6 26
8 1
20 14
8 12
6 21
7 4
7 18
7 34
19 14
18 33
6 36
18 21
8 4
16 30
17 6
11 18
1 19
11 4
4 21
4 31
10 8
4 19
1 22
16 5
3 22
8 17
18 18
2 1
1 25
14 34
13 18
18 39
18 25
14 4
3 17
