80 40
.........#.#.....#.#.#.#..#...#................#..#...#.......#.............#...
...##...#.........#...........#.....#.........##......#..##..#............###...
..#...................#........#...#...........#...............#.....#..........
...............#...........#....#.............#....#..................#.....#...
............#.......#....#.#.#..###............#.#..#..............#....#.......
##.#..............#...#........#........#.......#.#................##.......##.#
.......#........#.........##..##...##..........##...........##.....#.......#.#..
.....#.........#......#.......#....#.........###.....#...............#........#.
.............##.#...#...........#........##....#....###..#....#........#........
..#.#......##...##......#..#........#........#.......#.#...#...#.............#..
.#...#..#...........#.....###.....#..##......#.#...........##.##.............#..
..#...#.......................#..##.....##....................................#.
................#.#..#...#.........#....................#.....#.........#.##....
..........##............#....#......##.#.#.#.#......#....#.....##...............
........#................................#...................#.........#.#...#..
.........#....##.....#..#......#......#.......#...#...#........#...#.#.##......#
.##............#.....#....................#....#.#.......##...#..#.........#..#.
...#....#..#..##..##......#.....................#...#.#....##....#.#........#...
.#..#......#....#.......#.........#..##.....#......#..##.........#..............
..............#....................#....#.#.......#....#...............#.....#.#
.......#....................#.......#....#.......#.....##........##.............
..#.............#...#..#..#.........#...#..#...............#........#.#....#....
.............#.#..#..###..........#..........#....#.#.#...........#...#.........
...#.....#............#..#.....#..#..#.#......#......#..##....#.#......#.#..##..
.#............#..##..#.##...............#...........#.........#...........#..#..
.#....##.#......#..#...#..#.#......#....##.............##..##..#.#....#.........
........#......#..#.##...##.#...#.....................#.....#..#......#...#....#
.#.......#.........#..........#....#.....#....#..............#...#.......##.#...
........#.......#......................#..##.....#.....#...#..#....##...........
.......#..#............#.#...##.......#..##..#.##..#.#....#.#.....#.##.....#....
...........#.#.#.#.#..........#..#...#.#............#.#........#.......#....#...
#.#......#......#.#........#..........#.#.....#..#...##.##........#.....#.#...#.
........#.........#..................#...........#...###.#.....#....#..#..#.#...
..#....#.........#...##...............#....#......#...#..#.....#.......#........
....#...#.........#..#.......#.......#.....##...#.#...###...#....#.#.........#..
#.......#.....#..#....#................#........#....#......#.#.#........#......
...#..............##...##.....#.....#.##....#...........#....##........#...##.#.
.........#...#....#....#............##...##.....#....#.........#.......#........
#......#..................#.#....#......#...............#.......................
.....##.......#.#.#....###.#.............##..##.............##..##...#.....#....
100
1 33
11 21
6 4
17 25
5 20
7 29
1 21
10 40
7 34
17 17
8 5
4 21
6 8
10 21
10 13
11 12
13 18
12 34
6 38
14 23
6 9
14 34
9 25
17 38
16 19
4 15
15 17
5 26
12 18
15 21
6 18
4 28
13 9
15 18
6 23
16 19
8 9
1 6
9 13
19 26
13 27
16 14
3 33
7 8
20 27
15 37
16 14
16 28
18 40
8 19
6 9
14 27
2 16
9 25
18 37
12 34
3 12
11 21
15 30
6 28
4 32
18 11
10 35
16 33
1 23
4 16
14 32
15 11
11 7
4 27
12 28
7 11
11 11
6 23
7 27
19 17
7 10
1 32
20 37
5 14
7 2
16 7
7 11
11 31
10 23
1 22
14 32
8 15
12 37
16 21
6 39
12 18
3 25
11 15
13 16
9 38
4 4
14 40
10 28
16 14
