80 40
.......#......#.#.#...............##.................##....#..........##........
..........#..#..#.#.....#..........#...#...........#..........#...#.........#..#
..............#..#.......#........#.##...#.#.......#........#...#..............#
.#.#..................##.#....#.....#..#...##....#..##........................#.
............#...#.............#.....#............#....#..##......#.#..#.........
...........#.#.....###.##....#...#.....#.......#..#.....####.#.#......###...#...
.............##..#....###.....#....#........#.#...........#............#........
##.....#....#.#.#.#..#.#.........#....#.......#.##...........#.#...#.#...#.....#
...##...#.....#.....#...#.........#.##..#.......#...#....#.....#..#..#..........
.#.#........#.......#..........#....#..............#....#.#...#.#......#.#.##.#.
.........#..........#..........##..#.#...........##.......#.........#...........
#.#.....#........#................#..................##................#.#.#.#..
...#..#.................#...#..............##...#...#..#..............#...#.....
...#........#..............#..........##....#.#.##.....##.......#....##..#..#...
.....#............#................#...#......#....#......#......##.............
#.....#......##..#..#....#...#...##...#................#..##....#...........#...
..........#....#..#...........#.....................##........................#.
.#.#.#...........#.................#...#....#.##..#..........#.#............#..#
.#........#....#.#.#........#.........#...#.......#................#.........#.#
......#...#..........................#............#...#...##...#.......#......#.
#..........#.#........##...#.#........##.##....#.....#..#.#.............#.......
....#......#..#.........#.....#...#..##...#...#......#....#........#........#..#
.....#...#.#.............#....#.#...###.....#...#.#...........#......#..........
..####..##...###................##....#........#.....##...#..#....#.....#...#...
..........##....#...#..##.........#......##....##............#......#..#........
...#....#.....#....#.......#...#.....................#........##.#......#.......
.....##.......###....#....#..##..........##...#....#........#..........#........
....#.........#.........#....#...#.....##.......#....#........#.#...............
....#.........#.........................#.#.....#.#...#...#....#..#.....##......
#..#......###....##....#.#.#.#..#....................#.#...#..........#......#..
#.#.....#..#..##..#.......##.........#.#..........................#......#.....#
.......#...............#..#..........#.#................#.....##......#......#..
...........#.....#.....##.#.....#...............#........#........##..#.........
.#.....#......#......#...#.##.##..........#...#........#.......#.......#.#..##..
#........#......................#......#......#.....#.....#.......##.....#..##.#
......................#....#.##.#......#.....#....##...#....#.....#.............
.###.#.....#....#.......##......##.....#......##...........##..#.......#........
...#..#..##.##...#..........#.......##..#......#........#.............#..#......
.......#..........#...##..##.....#.#................#...#.......................
##...#....#...#.#...#.#............#....#.#........#...#.#......#.....#........#
100
17 38
18 39
20 16
7 40
13 27
16 29
11 12
1 15
8 24
16 1
8 2
6 20
13 20
12 17
16 19
1 25
6 32
8 20
18 19
19 25
5 6
13 33
5 9
3 10
18 34
4 8
9 13
5 21
9 23
20 2
12 24
19 15
7 5
20 27
11 9
1 27
11 4
9 22
1 23
14 5
4 32
1 14
15 2
1 13
6 29
3 3
2 3
8 5
5 40
7 4
5 10
6 4
5 14
20 23
1 40
16 10
12 38
17 15
4 39
18 16
10 6
4 40
11 13
15 11
13 27
17 21
5 23
8 26
11 8
12 6
4 6
13 11
15 2
15 35
12 21
13 19
3 23
7 34
5 23
10 2
1 37
4 30
6 19
14 26
1 32
15 18
19 12
13 20
9 26
9 6
7 13
17 15
11 35
11 32
20 9
9 28
19 12
17 39
9 35
9 5
