80 40
#........##..........#..........#.......#.......###...##.......................#
.#.........#..........##...#...#........#..#..#..#.....#..........#.............
.....#.###.....#...........##.#...........#......##..#.....................#....
...............#....#.#.#........#..#.#.........#....#.#.........#......##....#.
.#..................#.....#..#......##.....##.........#.#......#........###...#.
#........##.#......#...#.................##..#....##.......###...#..#.#..#..#...
.........###..................#..#...#...........#.#.........#..............#..#
###............#...#..##...##....#.#....#..#...#..###...........#...........#.#.
....#...###.##.............#........#.................#...##.#..............#...
......................#.#...#..#.##...#..#....##....#.....#.........#.#...#.....
..#.....#...................####..##.....#.##......#........##..#.........#.....
...##..#.#.#.#....#.##.....#.......#..#.#..............................#.....#..
..#..#.............#......#........#................#.........#........#........
......................##.#.........#.#..#....##.....#.#.##....#.............#...
#..#..#..##....#....#............####.##...###.....#..........#............###..
.............#....#...#.....#........#.#.......#....#.........#...#....#........
..#...#........##...#........##.##..................#..................#........
...........###.###........#.##....#............#.#..#......#....#.#...........##
....#..#..#....#.....#.#........#.#.......#......#...#.........#.........#..#..#
......................................#........##...#..#......#.........##..##.#
......#......................##...#..#...#...#.........##...#...................
#..#......#..#............#.#..#....#..................####..##..#.....#...#....
............#...#.....#..........#....#...................#...........#.........
....#...##.....#.........##.#...#....#..#..#...##................#.....#........
...##..........#.##..#.........#...........#.##.....#...##...#.#...........#....
....#.......#.....##..#....#..................#..#..#.........#..#.....#...#....
...#.....#.#....#.......#......#.....#..#.......#......#...#..##.#....#.........
.##...#.#.....#............#...........##.................#.#.#...#...#.........
#..........##....#.#....#.##...#..#....................#.##...........##...#....
.#.............................................#................#......#........
............#..............#.#...#...###..#....##.........#.........#..#.....#.#
..............#..........#..#.#.#.##..###.......##....#..........#..#.#.......#.
........#................#.....#...#..........#.##....#.#...#................#..
........###.#...#.#........#...#..#.......#....#.#.#....#....###...#..#.#....##.
.#....#...###.............#....#..#..#.#.....#.............#........#..........#
....#....#...........#........##..............#...........................###...
.................#.....#...#.##.............#..#........##......................
#..##..#.#....#..##.....#..#....##.###.#.......#.........................#..#...
.#.....##.#..##.....#..#..................#.......#....#..#...#..#....###.......
...##....#..#.....#.......#.##.......#...##........#.................#.#.#......
100
13 23
16 14
18 40
13 39
15 33
10 27
19 26
8 20
12 8
9 23
2 34
13 22
11 37
3 22
1 38
15 29
14 13
15 5
5 6
3 27
5 12
14 40
3 12
2 11
6 25
13 21
17 5
3 30
19 23
17 24
4 35
5 12
9 9
13 19
9 22
11 29
10 2
17 7
11 7
19 27
13 30
2 10
1 33
18 19
11 18
20 19
7 9
3 14
5 29
5 7
12 37
20 13
4 18
6 10
6 15
8 34
18 11
20 34
15 17
18 39
15 13
2 12
1 34
20 18
4 13
2 3
7 38
20 26
13 38
14 3
3 20
3 31
7 35
20 1
3 27
16 32
17 7
12 31
10 34
5 21
3 39
10 25
12 34
10 12
13 6
10 19
3 40
16 10
19 14
3 36
3 36
9 37
2 2
6 6
6 32
4 1
5 36
5 22
13 3
11 34
