80 40
.#...##......................#.......#.#.###..#.#.....#....#......#.#.#.........
..##..#.....#...#..#............#..................................#.#.....#....
..#....#.#..#.........#........#......##.......#.#....##.#........##............
.#...#....#.#............#.#..........#........#..........#..#.##...............
.........#...##...#..#.#.#....#.#....#.....#....#...#..#............##..#.......
......##.......#......................#.....#.....#........#....#..#....#...#...
.#...............#...........##..#....#.......#.#..#.......#.........#.###.....#
......................#..........#...#.....###......###.#......#..#............#
#.......#..........#..#..#.....#.......#....#................#..................
.....#..#..........#...........#..#.....#.....#....#................#...........
...#.............................#..#.......#..#......#.......#......#..........
...#..#...#....##..#.#.#..#.#......#........#...#.................#.....#.......
....#............###....#...#..#....#.###..#.......#....#.#.#....#.#..#.#.......
#.#....#.#........#.##................#.............#......#.......#............
.............#.#.##.....#...........#.......#.......#.#.............#......#.#..
..................#.##........................#.#....#..#...#....#...........##.
#..#....#.#.#...#....#......#....................##..........#..#......##.....#.
.....#...#...........#..#.............................#.#.#..............#..##..
....#..#.......#...................#..............#.......###.......#........#..
...............#.#.....#.....................#.........#.#....##.....#.......#..
...#....##.#.........................#......#.#..#......#.......................
.........#...#.....#....#.....#........#.#..#......#.....##..#.......#..#.......
##.#...#..#.....#......#..........#.#.#.............#.....#..##.#....#..#.......
...#..##......##.#...#.#..................#.........#.....#...#...##..........#.
..#..#....#.........#.#........#.....#...#.#......#.......#..........#..........
...#....#.............#.#......##...#..##.......#.##.......#.....#..............
........#..#.......#.........#.#...#....##........#..#....#..........#..........
#..#.........#.##.#...#.....##....#..#.............##...#.#..#.##.#....#....#...
..........#...#...#........#.##...#........#......###....#.##...#.....#.....#...
....#.....##..#...............#.....#.#.#..#..##.....#....#..#..#.#.#.##....##..
....#...##..##....#...##.....#.....#.....#..#..............#..................##
........#.....#...............##..#......#...#....#.....#.#.........#..........#
#....##..........#...............#...#...#.........#......#.....................
...####...#.....#........#..#......##.#....##...........#..#...#...#..........#.
.#.......#...........#..#..#.........#.........##..##..##.......................
.......#....#............##........##..................#.....##..##.............
#.........##......#..........#...#...............#....#.........................
.........#...##.......#..#.#....#.....#..###....#..#.#...................#....#.
..#....#.....#.......#..........#...#...#...........#..#......#..#........#.#...
...#.....#...##..........#.....#..........................#.#......##...#....#..
100
2 38
6 13
17 24
5 25
16 28
11 1
7 12
4 31
8 4
17 39
8 39
5 3
3 26
7 27
4 13
19 40
6 33
5 26
3 17
19 33
7 3
13 39
19 22
18 12
11 40
1 19
10 12
12 16
12 10
15 39
1 31
8 2
8 18
13 26
20 38
13 22
13 10
15 40
3 17
19 23
20 26
8 19
4 23
10 11
13 22
16 26
18 5
19 32
20 21
1 4
13 40
7 12
5 4
2 31
14 16
15 21
4 1
13 36
12 18
8 3
7 27
15 10
3 1
13 11
5 25
8 5
16 38
14 1
19 33
16 6
15 15
9 29
3 7
11 15
13 2
12 26
12 35
4 14
16 16
20 34
12 40
20 36
20 8
10 30
19 5
3 7
7 31
14 4
20 21
7 32
4 12
1 22
6 35
6 35
17 30
4 39
6 24
19 2
19 18
20 5
