80 40
............................................#.#............###........#.#.......
.....##.......#..#......#.#...#........#......#......##......##...............#.
.....#......#...#..#.......#....#..###.............#..............#.......#.#...
##......#....#.#.............................##....#................#......####.
..............#..##..#.#........##.#...#...#...###..#.##...................#.#..
....#...###...........#.....#....#..............#..##...............#...........
........#........#.#.........#.......#.#.....#....................###.........#.
.........................#......#......#...#...........#....#....#......##......
#.......#.........#....##..#......##.....#.......#................##............
.#.............#.####.......#...#.........#...##..............#....#....##......
.........#...##................#.......#....#.....#......#........#.....#.#...#.
............................#....#...........#..#.....#.....#..........##.###...
.#..##...#..#......#.#.....#......#...................#...#......#...........#..
..#.....#.#....#...#..........#....#..#.#.....#........#....#.......#.#..#......
...#..................#.......................#......#......#.....#..#......#...
....##...#...#.......#.#........#............#....#.....#.....#.....#......#...#
#......####.......#.##..................................#....#.....##..........#
........##............#..#.....#.#.........#......##.###.....##............#....
.......#............#..#..#..####.##.....#...............#...##.#..#........#...
###...##...#..#...##....#...........#.................#.....##....#.#...#.......
........#.........#.#...#....#...........#...###.#......##..........#.......#...
....#..................##............................#.#..............#......#..
.#........#.....#.#..#..##..#.....#....#.#....##..#........#.....#.........#....
............#....#..#.....#..#...........#..#.#..........#............##....#...
.##......#...#..#.#.............#.#.....#...#.....#.....#........#.#..........#.
..#.##.........................#...........#..#....#........#.#....#.......#...#
#.##..#..........#.#....#..#..#...##.#..#.........#.....#.........#.....#....#..
#....#....#.......#....###..........#.#..#......#.#....#.#.........##..#........
.........#..#......#..#.......###..#.##.#.........#...#........#........##..##..
............#..........#.................#.................#..............#.....
..#.....#.#....#..........................#.#...#.#.........#....#....#.#...#.#.
##...........#...................#...#....##......#...#........#...#...###......
..#..........#.#......#............##......#.#.......#........#...#....#.##.....
..#......#.........#......##....##.........#.....#........#.................#..#
..#..........#....#...#####.#..#........#............###..#...#...#.#...........
...........##...#.#....#.......#......#.....#.............#..#......#...........
........#....#.........##..........#...#......##..##.#..#...#.....#.#...##...#.#
....#....#.............#...#....#..#....#.#.............#....#....#.#....##..#..
#........##....#..#..#...#..........#..#....#.................#.................
.#.#......#..#...#.....##..........#.......#.##...#.#........##.................
100
7 38
5 37
4 5
16 31
4 4
13 18
2 24
17 32
18 38
18 18
4 22
10 40
10 24
3 10
2 17
12 2
12 23
1 8
8 15
1 38
11 30
13 26
4 18
12 24
16 18
12 6
2 27
13 6
19 16
6 24
14 12
20 3
19 20
16 20
5 6
19 15
4 30
5 33
16 38
13 12
1 16
7 1
6 3
5 31
11 2
11 15
18 25
16 30
6 40
11 31
2 2
7 30
16 37
12 18
14 22
9 25
18 31
1 34
3 40
19 31
11 9
1 11
12 7
8 7
13 36
2 1
12 27
3 39
6 21
19 10
5 19
15 19
4 22
13 34
14 18
6 9
20 31
4 28
4 15
7 6
9 16
12 10
17 22
10 5
9 19
11 39
16 15
5 33
11 39
3 37
7 34
16 16
5 4
12 15
14 35
4 26
1 4
11 31
10 1
9 33
