80 40
..........#............#.#...........##........#..........##......#..........#..
.....#....#....#.....................#.#...#............#.....#......#..#.#.....
.#.#.#..#...........#.....#......#...........##............#.#..#........#..#...
#.#.#..#.#..#.#..#........#..............#...##......#....#..........#....#.....
....#.#.........#...#.##..#...........##.......##.....................######...#
..#.......#.#.......#.........#....#.......#.#..............#....#.#.....##.....
.....##.....#................#..#..........#......##.........#.....#...........#
.#.....#.....#...........#..#...###.#...................#.......#..#..#......#..
.#.#.....#.##..#......#.#...#....#..##........#........#...#.............#..#...
.....................#...#..#..............#..##...#....#......#.............#..
..#....#...............#..#....#......#..........#......#......##..#...##.#..##.
...#..#............##.................#...........#.#...#....#..#....#..#..#..#.
........#.........#.......#...............#.......#........................#..#.
#..#.......#...##......#.....##...#...................#....#..........#.......#.
#.#..#.............#...#........#.###.#............................#..........#.
................#....##.......#..#.......#........#.#..#..#..#.#....#...#.....#.
....#......#..##.......#..........#......#...................#..#........#......
.........##.........................#.....#.......#.##...#....#....##...........
...#....##.#.....#.......#.....##..#.#..#..........##..#......#..#..............
..##..#....#...#....#................#..#................#....#.....#..#....#.##
#.#.....#...#.......#..#...#.........#.........................#.#.#............
.##......#..#........#........#.#..........#.#......##.....#.#........#....#..#.
..#..#.#........#..#...##.#....#.................#....#.#....#..#.....#.........
........#......#..#.......#.##.#.##.#.........##.........##.#......#.....#...#..
.........###.#.......#.............#.....##..##.#....#.....##........#....#.....
..#..#...#...###....#.....#.#.....#.................#....#.#....#...##..........
#.#....#.#..#..........#.........#.#.....#...........#...#.##...#.#.#........#..
#..#.#...#.....#...##........................#...#..............#.#...#........#
.....#....#..................#............................#......#.....#..#.....
..............##.......##.#.....#..#............................................
.......##....#..###.....#....#..#.#.............#......#............#..#........
..#...............#.#..............##...#......##..####....#..#..#..............
#.........#..#.....#...#.##....#......#....................#..#.......#...#.#...
....#.....##................#...#..#......#..#.#.......#....##.........##.#.....
#...#......#....#........##......................#..............#...............
##....#...#.......#..#...##....#..........#.#........#......#.............#..#..
.#.#........#..#...#...#..........#.......#.........#.......#....#....#.#.....#.
...#.....#...................##......#......#.........#..#...#....#.............
....##......###...........#..............#.#.#.#.....#....#.....................
#.#..........#.#..#.#......#...................#.........#......#..#....##...#..
100
1 15
2 25
20 38
8 25
10 19
10 1
14 26
7 30
9 28
15 19
4 6
19 26
11 8
20 25
16 2
8 10
10 19
12 40
10 7
3 22
6 27
13 23
1 18
6 37
10 11
20 22
13 29
12 33
17 11
5 31
18 29
2 1
20 40
4 32
12 1
13 25
3 34
19 17
7 17
13 37
5 35
15 31
15 39
17 11
17 39
13 26
13 3
1 40
8 4
16 32
12 6
8 38
1 38
16 2
11 13
16 26
3 24
8 26
16 14
16 18
5 10
4 3
12 9
11 5
9 40
14 37
4 11
17 11
14 39
15 27
18 13
18 39
9 24
15 15
9 18
11 13
4 4
17 17
9 31
10 26
17 31
4 28
7 24
1 36
12 31
13 19
20 1
8 15
17 15
6 7
4 38
9 8
18 30
14 10
7 13
19 3
5 38
5 8
1 18
16 32
