80 40
#.##....#...#..........#.#..#......#..#..........#.#........#.#.......#.........
#....##...........#..##...#...#...........#.....#..#.#.........#.#....####.....#
.#...........#...................#...#..........#......#.##.......#..##.........
.##....#..............#...#......#........#.....#.#..#.#.#.................#...#
....#..#.......#..........#.#..#...#...##......#.#.........................#....
...#..............#.#..#...........#......#......##..##.....#.#........#........
..#....#.....#..##....#...................#.#....#....#.....#.........#..#.....#
.#...##..##.........#............#..............##...........#.##...........##..
.......#.##..#...#......#...#..#..#..##.#....#........##....#......#........#...
...#..........##.#..#....##.#...#.......##.#.#.....#...##...........#..#..#..#..
................##.....#.#.#....##..........#..#.........#......#............#..
#.............#.#.#...#........#.......#....#..#...#.........#..#...#.#..#....#.
#..#........#..#..#.........#.#....#.#...................##...........#.........
...............#.......#..#........#..#.......##..#................#..##....#...
...##...#......#......##.#.#.#..#..#............................#.##....#......#
#.........#......................##...........#.#..#..................#.........
.......#..#.##.#...#..#....#..#.#......#.#.....#..####...#....#................#
...#.....#..........#........#.....#.#..#.##....#....................#....#.....
#.............#.......#.........#.#..#....#.#..#..#........#........#...........
..#.#...#........#.##.#.#.......#..#...............#..................#......#.#
..#.....##..##.###........##......#..#..#.#.##.......#...................#..#...
...#..#........#........#..#...#.........#..#..........#####..#....#...#...#....
......#...........#...#...##.#..#..##....#...#..........#.................#.....
.......#.............#....#....#.#...#..###..#........#.#...........#...#.#.....
.....#.....#.#......#......#.#.......#...#...#...#......#..#......#.#....#.#.#..
............#...#.....#..................................#.......#......###....#
.#........#.........#...........#..#....#...#......##...............#....#.....#
..#..............#..........#.#......###......#...............#......##.......#.
.................#..............#.......##.......#..##..............#...#...#...
..#.#.#.#....................#...........##.#.......#.....##......#.#.....#.....
#....#..........#....##.......#.........#.....................#....##........#..
.....#..........#............#..................#...#..#...........#....#.......
##.............#.....#...#..#......#.##.......#..........#......##.#......#.....
..#....#...............#.....#.##.....#.....###....#....#......#.....#.#........
.............#.#.......#.#....#.......................................#.....#.#.
..........#..#....#.....................#....#.......#..#..##................#.#
....#.....#..#.##......#.......####...........#............#....#........#..#...
#..................#....................#...#..............#.#..#.###..#..#.....
#...##............#......##..#..#......#.....#.#...##..#.......#..##....#.......
#...........#...##.#..................................#.##.#.##...#.#....##.....
100
17 14
12 14
8 36
7 29
1 5
15 17
7 26
7 36
13 33
12 29
11 22
1 1
16 33
1 21
20 14
2 32
8 21
2 28
12 29
8 38
4 34
16 31
5 38
2 29
6 36
6 3
4 39
9 20
15 31
5 12
2 8
13 14
8 31
13 38
6 33
7 18
14 23
20 27
17 6
10 22
20 14
20 21
3 35
4 20
8 20
2 34
5 33
12 5
16 29
9 5
10 39
2 38
2 12
14 31
2 8
9 21
13 40
2 11
6 4
5 27
7 8
3 2
15 17
8 38
10 20
20 19
17 39
1 17
2 13
6 22
6 24
2 30
2 13
20 14
3 3
16 36
7 6
8 5
17 25
5 1
6 3
18 23
9 27
3 8
2 40
17 4
17 40
2 2
10 8
8 22
17 31
9 30
20 10
11 3
3 3
11 10
19 2
2 40
12 20
18 26
