80 40
...##....#...#.........##.#.....#...#............#.#......#...#..#..............
.........##........#..............#.#..................#....#.#...#.....#....#..
.....#..........##....#....#.##.....#..#.............#....#..............##..#..
.......##..#......#..#...#........#.............#............#.#...........##...
#...#.#....#...###...#.........#...##............##.....#....##...#.............
.#.....#.#.#..#.....................#........#.#..#.#.......##....#.......#.....
.#.#..............###....#...#.#..#...#..............#..#.##.....#......#.......
..................#....#......##..........#......#.....#...........#...#........
........................#......#....##.........##.#.........#..###..........#..#
...##.......#...#...#..#.....#.....#.##...#.....##................#............#
#.#......##...#.......#.....#..........#..........#.......#...#....#.#.#....#...
....##......##..#.#....#.#....#...#............#..#..........#.....#............
...........#..............#...##.......#....##..#...............##..............
.##...#....##..........#...#......#.........#.............#...#.......#.....#...
.....###...........#............#.#.#..........#.........#.............#..#.....
.#...##........#..........#..#...##..#..................#...#......##.#..#......
#.#........###.....................###...........#..#.#............#.##.........
....#...............#....#....#..#........#..#.#.#.......#.#.............#......
....#.#.#......#...#.#...#..##.##.#..............#...#...........#.#....#.......
..#.#.#.#...##..##.....#.......#........#..#.......#......#..#.......#.#....#...
.#....#................#.....#......##.#.....##....#....#.#........###.....#....
........................#...#...#.##......#....#........#.................###...
......#....#..................#.......#.....#.....#.......#.#.#.................
..........#.##.......#.#..#....#.#......##.#....#.#...##..............#...#.....
......#........#....##.....#....#.###.#.#.........#.........#..###.#.#.#...#..#.
........#.#......#..#..........#....#.#.....#.......#.....#.......#..#....#..#..
........#.............###........#..#.......#...............#.#.....#..#....#.#.
..#..#.....#..........#..................#.#....#.#.#.................#.........
.#....##........................#....#.#...#...#....#........#........#..#......
.............#..#..#......#......#.......#...#..#...............#..........#...#
.....#....#..#..........#................#............#..............#..........
#....................#.#.......#.#.....#.....##.........#.#...##................
#.....#...#..........#....##.##....#..##.....#......##....#...............#.....
.#..............#..#............#.#....#...##..##........##......#...#..#......#
.#.#..................#......................#..........#.........#..#....#.....
.#......##..........#.........##...#.....##..............#......#........##...#.
.......#........#.............#..#..#........#.................#...#............
.....#...#....##.#.........#..##..#......#...##.....#.................#..#.....#
..........#.......##...#......#..#...#......................#......#........##.#
......##..#......#..##...#.#....#...###......#........#.........................
100
14 23
10 2
19 17
15 28
4 19
11 16
15 19
11 33
15 31
6 31
14 24
9 37
14 35
12 20
12 14
2 6
1 18
12 6
19 1
2 24
7 17
2 26
6 8
7 35
12 13
12 9
1 30
15 36
10 23
19 40
7 29
15 28
8 33
1 26
7 7
6 10
12 36
15 31
7 36
20 35
5 4
4 25
18 12
4 15
17 39
2 18
2 33
7 35
2 26
19 22
17 34
9 3
8 31
6 26
19 1
1 29
1 20
4 28
5 5
8 13
15 25
4 30
12 27
18 12
2 1
19 17
9 5
10 3
8 12
19 34
12 5
3 15
20 23
7 8
10 23
12 22
9 32
5 2
6 32
7 39
2 23
9 24
11 28
13 11
10 33
6 25
15 6
16 22
19 40
14 28
2 28
1 15
8 12
1 24
6 5
14 16
8 28
3 10
16 29
17 27
