80 40
.........#.#...#......#.............##..#............#.........#.....##.#.......
....##............#......#....#..........#.#...#..........#.....###.#....#....#.
..........#................................#...#.....#.....#.....#.............#
.#..................#....#.....##.........#......................#..##.#........
........#..#..#...##.....................##.#...#....#..#.#.....#......#.#.....#
#..............#.........#...............###..#............#..........#......#..
...........................##....#..#....#.##........#..#...#................#..
.................#.####.#....###.........#.....##..#....##.#...#...#......#.#...
.#.#.....#.......................#.....##..#......#.........#....#....#...#.....
...#.#....##.#..#......##....#..#.#.......#.......#...#.#.......................
#...........#........##.###..#.......##.....#............#.#..#........###.#....
........##............................##.....#...#.........#.......#........##.#
.#.......#...##.##.............#................#.....#...........#.....#.#.....
...............#................##.#..##....#..##.#....##..#.#..#......#........
.............#..#...#..#..#............#............#........#...###.#.........#
..#..#.......#..............#.#............#...#..#....#.....##......#..#.......
##.....#.....#..#....#......##.......#..#.........#..................#...##...#.
#.....................#.......#...#.........#..........#....#.......#...#.....#.
..##.#......#....##....#...#..#...........#.#...................................
........#....#..........#..#....#...#...............#...............#......#....
....##.....#......#...#..##....#...#...............##............#.#..###...#...
..#.#......##.#.##......##.#...##...................#..#....#...................
........#...#......#..##...................#..###.#....#....#.##.....#........#.
..#.....##.....#.#.....#.#...#.......##.....#.#.#............#..#.#.....#.......
..#.#.....##.#..#......#.....#.............#..#................#..#...##..#..#..
..#........#....#......##...#.....#.........#...#....#....#.#.....##...#....#..#
...#...#...#.................#.##.##...#.#.........##..#..#.#......#.....#......
#.....#.###...........#....#....#....#..#......#..............................#.
.....#.#...#........#.....#..#.......#.#.#....#...#.........#..#............#...
.#.#............#.......................#..#...#......#..#..##.....#...#........
#.....#.###......#...............##.............#..................#........#...
.....#..........#...................#.#.......#......................#....#...#.
................#.....#..#............#......#......#.#...#.#...##....#.........
..................#.#..........#......................#....#..#...#.....#.....##
.#.......#..........#....#.##..#...#....#........#...........#.#..#..#..###.....
..#....#.....#.........................#.#...#...#.#.#......#.#.........#....#..
...##.....####..#.##....#.........#...............#.#.....#......#..#...........
....#.....................#...##....#........#....#......#....#...#......##....#
..............#..#..#.......#......#.....##...#...............##...#.....#..#..#
..##......#..#.#.#.........#....#.......#........#...................#.....#...#
100
13 40
6 38
12 27
18 31
19 36
9 2
4 26
18 17
14 28
15 36
6 21
5 8
3 19
6 30
7 4
12 34
14 22
13 17
11 11
10 25
12 35
3 1
13 15
7 20
16 40
3 26
5 34
3 18
10 33
19 23
20 27
15 31
12 29
17 23
16 7
4 20
6 21
2 5
15 20
17 5
20 38
19 14
20 12
2 34
3 33
15 1
18 24
6 13
15 24
16 6
15 16
18 23
3 23
6 27
13 39
11 4
1 35
3 29
20 30
9 34
16 18
5 37
1 32
13 21
17 5
19 34
13 1
13 8
13 38
6 27
1 35
16 2
6 26
4 40
13 25
17 37
15 14
9 13
9 22
3 25
4 21
18 7
2 20
8 28
2 14
6 10
11 28
6 22
11 32
11 21
3 30
13 16
10 7
2 35
16 26
6 20
18 29
9 38
16 10
6 34
