80 40
.#.....#.................##.....#.#.....#.....#.............#.........#.#.......
..#........#....#..#..................##.......#.......................#......#.
#.......#.....#.........#..#......#.....#.....#........#....#...#....#........#.
...........#....................#......##..#.............#.#....................
..#........................###..#...#.......###.##........##.#.#....#....#......
.#.##................#........#..###.......#.....##........###.#.............#..
....###...........##.......#.#.#...........#....#.....#.#............#..........
.................#....#.#.....#.................#.....#..#..#......##.......#...
..#.##.#.....#.....#.....#..#..#.#................#......#.......#....#.#.......
............#.#.....#....................#.#.......#..#..#..#.................#.
.#...#.#..............#............#.....#...#...#.#..........#...#.##......#...
.............#...........................#...................#..#....#.....#....
...........#..#......#.....#.....#.#.#....#.#........#....#....##...#........##.
..#........#....##...#...#...#..##.............#.#.........#........#...#.......
..............#....#.........#..........#..#...#..........#...##.........##....#
.....#.#....#..#.....#.#.#........#...#......#....#.#.#...##............#....#..
.#.....#..###.........##.#.............................#....#.....#.....##.##...
.........#...#.#.........#..##..#..#..#.#...##.......#..#.#.....#....##....##...
#.#........#.#...........#....#...#........##.........#..............##......#..
.......#...#...........#.#.....#.............................##.........#.#.#...
...##...#...#.....#.....#..............#.........#.....#.........#....#......#..
#.....#.......#..#.................#...#.#..........#.#..#.....##..#..#.#.....#.
.##....#..#..........#.....#...#..##........#.......##..#......#......#....#....
#.....#..........#....#.....##..#.#.........#......#.................##.#.....#.
..........#............#....#...#.#.#.....##..........#....#......#..#....#...#.
#.......#...#..#.............#.#.......................#.....#..........#.......
............#.##.....#.........#...#...#..#..#...#..........#.....#........#..#.
........##......#...#.##.#.....#............#.##......#.....#..................#
...#....#........#.#............##.#.#....#....#.....#..................##...#..
........#.#....#..........#........#..#.#.....#......#...#..............#.......
#..#..#........#..#..#.##...#.##.#....#......#...#.....##.#..#.............#....
............##....#....#......#..#..............#......#...............#.#......
....#........#................................#..#........#....#.........#.#...#
.#...................#......#.......#.......#..............##......#...#..#.....
##.....#.......#.......#...#.............#.....#.............#.#..#...#.......#.
.....#....#..#..#..........#.....##....#.......##.....##...#....................
.#........#...##.#.......#....#.##....#.#..........#....##......##..............
.#...........#.###...#.......#.......#.##..##......#..#...#...#.###...#.#..#....
........#.....#...##..#........#..#.#.##...#.#.........#....#.#...........#.....
....##...#.#....................#..........#............#......#....##.#.##....#
100
6 3
2 7
10 23
4 8
18 20
1 28
3 11
20 31
8 4
9 38
4 6
2 24
16 5
2 2
8 13
4 13
9 15
9 28
2 30
9 18
11 14
5 16
13 25
4 36
20 2
12 28
14 37
11 31
1 12
9 13
3 31
1 36
9 7
14 20
3 21
9 15
16 40
20 23
4 26
8 37
3 21
2 40
4 29
5 30
7 10
19 13
8 7
14 34
1 31
13 18
16 27
15 29
3 21
16 28
14 22
11 33
3 9
11 33
3 20
16 32
12 12
4 21
13 8
19 25
12 3
12 26
20 12
20 18
14 26
10 10
14 23
2 29
19 11
1 16
15 18
20 37
2 36
2 29
15 26
18 35
4 11
18 8
13 30
10 32
3 10
9 23
7 25
17 10
17 13
19 16
10 33
9 16
3 28
17 35
10 21
12 2
3 5
18 6
13 31
14 25
