80 40
......#..#....##..........##............#....#...#.....##...........##.#........
..#.....#.#.............#............#..............#..###..#.....#.............
##.....#...........###....#.#....#..#.#....##...................##.###..........
..........#...#.........#...#.#.........#.....###.....##........#..........#.#..
........#.................#.#.#......#.##.....#.........#.#......#.........#..##
......#..........#.##.....#...#.....#.............#......##..#..................
#..#.....#.##.....................##...#.#.##..........#..............#.#.#.#...
....#.............#............#............##..#......#...........#.....#......
.......#.....#.....#....#.#.....#......#...#...##..#...............#.#.....#....
........##.....#..#....#....##.......#...#..##.#................#....#.......#.#
#.....#......................#..#..........#..........#...#.....#.#.....#.......
......#.............#...##......##...........#.#..#.........#..##...#...#.......
.#.#..#....#..............#.........#..#..#.................#..........#....#...
...#.....#........#.............#.#...#.#.###......#...........##............#..
.......#....#..........#.......#..........................#.#.............#.#.#.
#.....#..#........##.#..............#....#....#....#.#.....##...................
......#................................#..#.......#.......##.#........#.........
...........#...#.#.........##..............##....#...#.....##.#..#........##.#..
.....#............#.......#............#.................#.....##........##.....
#..............#.....##.......#.....#....#.....#.................#............##
.....#..........###......#.......#.....#.....#...#.............#.......##.......
......#................##.......##.#.#.....#.........................#..........
#......#...#.#..#..#.##.....#...#.....##....#.#..#......#................#.....#
#..#..#......#.#........#.#......#.#..#....#...#...#........#......#...#..#...#.
........#.....#...........##.#.......#....#.....#.....##.....##.#..#............
......#..........#......#..........#...##.#.#...###...............##.........##.
.....................#........#.......#.#..##................#.....#.......#..#.
.#.#....#..#..#.........#..#.#...#...#....##......#....#......#.#.....#.........
................#..............#......#....#.....##............##..##...........
.#..#.........#.............#...............#.#....#.....#.#...#.#..#....#......
............##..#...........#....##.#.........#...##.....#....#...........#.....
#....#.................#......#..........................#..#..#.#.#.#....#..##.
.......#.......#.#..........#....#........#.#..##.....#.#.........#....#..#.....
.#.....#....#...................#.##...##.......#.#....#.#..#...............#...
...#...........#...#.........#.............#.....#..#........##......#.......#..
..###..#...#......#...##.........#...#.....#.....#..........#....##...........##
.#....#........#.........#.##...#...#...#.##...##...#...........#......#....#...
.....#.........#...#.........#...#.....#..#........#.###..#.....#...............
..##........#...##.........#...###....#...........##........#..#.............#.#
.#..........#.##.###.##...###..#...#..#.........###......................#......
100
7 10
15 23
11 32
9 17
12 11
4 33
15 23
17 1
19 14
18 12
14 36
19 24
14 23
8 27
8 28
16 40
12 4
7 7
18 32
1 39
3 5
10 36
14 7
2 21
12 18
17 29
15 24
20 28
16 2
4 7
14 25
6 21
3 14
18 21
20 10
5 12
5 2
4 32
16 30
4 14
14 4
3 5
18 26
19 23
18 12
6 22
12 3
4 27
16 26
12 35
10 3
19 36
16 37
6 35
4 37
16 23
2 34
19 8
16 3
16 16
2 7
6 3
9 33
10 37
8 4
7 29
2 22
15 3
3 34
11 17
13 9
6 9
18 16
6 27
9 15
11 33
16 11
7 35
9 18
7 7
2 35
13 14
6 7
12 22
17 3
10 22
16 32
3 26
6 21
8 36
8 7
3 24
12 35
13 30
18 27
9 11
16 33
16 2
17 17
1 12
