80 40
.......#..###...........##.............#..#....#..##...#...................#....
...#...#....##......#...........#.....#...........##.............#......#.......
...#....#...##..#.#.................................#...#......###.#...........#
...#....#...#........###..#.###.#...#...#......#............##.#..............#.
...#..#..###..#.......#.....#................#..................#.#.....#......#
..#...#.#.#........#.........##.#...........#........#....#...#..##.........#...
..##.......#..##........##....#..#...#..##.....#.#...#..#...##.#.......#.....#..
........#.#...............#...................#.#.................##.#.....#....
.#........##...#......#.#...........#..#....#..#.#.#.......#..............#.....
.##..................##....#...#.....#.##.........#...........#.#....#.##.......
................##..#.......#.......#..#..#.............#.......#.....#.........
........#..........#.#......#.#......#...#.#.....#........#.....#..............#
....................#.........#.#..#.............#.#...#.#.#..#...#..#.........#
...........##....................#..#.##............#.##...#.........#..........
..#....#......#.#.......#..##.............#.#.......#......#..#..........#.....#
....#..#............#....#..#....#.#........#...#.....#....#....#........##.#...
.#.........#.#..#.......#.....#...#....##.###...#....#...#.....#......#......##.
..###...#............................#........#....##...........#.##..##.....#..
......#.....#....#.....##.......#...#.##.#....#.....##.#.....#......#..#........
.......##.............#......##....................#.....#......#.#.............
....#.................#.#...#............#...#.............#..........#.#.......
..........#.....#.............#.#.##....#.......##.#......#.....................
#.......#.......#.###.....................#........#......#...##.........##..##.
...#.......#.....#.##....#....#.........#......................#.......#.....#..
#....#............#..#........#.#..........#.......#.......#.##.#...#.#.........
##.#.........#.........#...#..#...#....#.......#.........#.#....##..............
.....#....#.#.........##..#.......####........#..#....#....#.....#.#.......#....
........#..........##..#.#..........#..............##.#................##....##.
.....#...#..#...#....###.......#..#..###....##......#..#.......##..............#
.#..##....##.#.......................#.##.#......#.....##.......#............#..
...#..#.#........#.#..............#...#.....#..#.#.#.......#...#.#....#.......#.
....#.#............#.#.............#................#.......#.##....#...#.......
.#.#....#........#..#................#......#...#.#..............#..............
......#..#.##........#.....#......#..................#......#.#....#.....#.....#
.#........#.......#....#..#..#..##...#..#.##...#.....#.........##.#....#.#......
.......#.....##...#...#.................#...........#.#........##............#..
.#.......#..#..#........#...#.##.#....#.##........#............................#
.......#......#..###......#.........#.........#............#....#..#........##..
......##..........................#......#........#.##.#.....#.....#............
....#............................#......#....#......#.......#..#...#.#..........
100
9 3
15 38
16 29
2 17
4 27
18 35
19 22
12 7
12 40
13 33
9 38
17 33
20 15
13 32
7 31
8 24
13 22
18 36
16 18
10 33
6 32
8 6
1 19
16 5
6 38
17 36
10 21
9 19
3 20
19 18
17 17
6 15
16 21
12 16
16 10
8 27
2 21
14 13
13 18
6 21
20 29
6 7
16 3
10 24
7 18
7 38
3 26
11 26
9 27
11 17
12 27
2 17
3 27
20 2
17 39
13 22
16 21
12 39
12 1
15 3
17 9
2 27
13 25
3 9
1 21
2 31
2 32
12 15
15 13
15 2
17 28
6 24
5 3
9 25
6 31
15 19
6 27
1 35
17 22
6 16
16 25
10 20
15 11
10 2
16 28
16 16
18 19
9 2
17 37
13 5
11 6
11 21
16 24
13 40
5 16
8 13
17 12
6 25
14 12
16 7
