80 40
#...........#..#.#.#...........###..#.#.#.....#.....#..#........#..#............
.......##...........#..##......####.......#....#....#..#............#......#..##
...##......#..#....................#............#.............#...##.....#......
....##....................#.....#........#........#..#....#......#...#.....#..#.
.....#..#......#...#..........#....#......#...........#.....#.#.........#...#.#.
.................#...#...#...#.#............#.....#......#......#.#...#.........
..................#......#...........##.....#..#...#.....#....#.........##.....#
..#...........#.......##..............#.....#..........#.....................#..
.#.#......##.........#...#..#..##.........#.#.#...#....#......#.#..........#....
...#....#.#.....#........#.........#....##..............##...#......#....#......
#............#..#..............#............#.#..............#......#....#......
#..............#....#..###............##.#.#..........#.#....................#..
.......####.#...............#..#....#.#..#................#.......#..#..##.#.#..
..........#.....#...#......#................#.....#.........#...........#.......
........#.....#...#......#.#.#....#....#..#.....##..##....#...#...#....#.#......
.....##..#...#.#..#......#..#.#..........#.........#....#...........#...........
.......#.#....#..#..#.........#....#.#..#...........#.#..#........#...........##
.......##...#..#................#...#...................#.......................
.#.##...##....###.......#.#...........##................#.#....#....#...#.......
.............#...#..............#.................#......#...#...#..............
....#...#..........#.....#..........#......#.....#........#.#...#..#............
.#.......................####........#..................#...##..#.###..#........
.........###..#........#..........#..........#..#........#.#......##..##....#...
.#....###.#..#.#..........#......#..........##...........#.......#.......##.....
....#..#..................................#..................#..#..........#...#
...........#......##...#.......##........#....#...#..............#..............
.#.#...#.............#.........#.......#.....#......#.......#...#.#.#....#..##..
#....#......#.#.#....#.........#.#.#.#...#....##.#.........#....#....##.....#...
......#.#..#.......#...#...##...#.....#.....#...##.........#......#.........#...
....##.##....#........................#.#...###..........#............#.#..#.#..
.##...............##....................##.#....................................
............................#...#.....#.......#.##....#...##..###....#.......#..
.........................#...................#...#......#..#........#.##.......#
.#.#.......#.#....#..#.....#.........#....#..#....#.....#.....#.........#..#....
####...#.......................#..##.....#.#.........##...#..#..........#......#
..#...#.#...........#....#...##..........#...#.#.##.#........#..#.......#.#.....
####.#......................#.....#.#..........#.......##..#..##....#.#.....##..
##.#....#.......###.....#..#.........#....#.........#...#..........#...#.....#..
#...#.....#...............................#.......#........#...##..###........#.
............#..............#.#........#.#...........#.#......#.....#...#...#....
100
2 22
13 21
5 39
14 11
15 21
9 32
19 7
9 33
5 31
16 14
7 4
14 35
15 14
14 36
8 12
5 18
9 11
5 27
4 17
15 39
11 5
12 32
19 19
6 1
7 21
14 11
4 18
8 19
11 2
17 14
20 16
11 21
13 35
6 5
6 7
6 14
3 39
5 19
4 40
2 29
3 11
7 38
1 22
19 25
20 33
2 8
14 10
18 15
14 26
12 9
18 27
6 25
1 38
7 34
12 11
7 25
1 38
15 1
16 5
12 31
13 24
10 2
6 33
12 16
20 6
17 14
3 37
7 20
13 8
19 2
20 35
19 11
13 5
7 21
8 24
1 32
1 22
8 27
16 40
8 1
1 36
20 22
19 23
12 28
5 5
14 35
15 2
15 37
7 38
5 32
5 13
2 35
16 14
15 21
18 27
16 15
1 17
11 25
10 40
6 15
