80 40
##..#.............#.#..#....#.....#..#......#....................#.....##.#...#.
...#.......#.#.........#............#..#.#.#.......#.......#........#......#....
#.#...........#.............#.#...#...................#....##.....#..........###
....#......#..........#....#..........#..#..#.....#.#...#....#....#.....#.......
......#......#.......#.........#....##..................###..#.....#.#..#.......
##.............#........................#....#......#.#..#..........#.#......##.
#......#......##.#...#...#.........##..###.#..##..............#...##......#.....
#...............#.....#...#....#...#.#..........###...#..........#.#............
#..................#...##.##...#..#..............#.#...##.........##...#...##.#.
........##...................#.#......#.................#.#.#........#...#..#...
........#..........##......#...#.......#........#.............#.................
......#.........#.#.#....#...##......##.......#.......#.....##.....#......#.#...
..#.....#.......#.....#...#.................................##...........#.#....
.........#...............#.....#........#....#..###.......##......#.............
....#.#........#.........#.#........#.......##........................#...##....
.##.##.#..........#....................##.##....................#......#...#..#.
...............#...................#.#......#.##....#......#..#...#.....#..#....
.....##....#........#.....#.#.......###.#....##....#.................#..........
....#...........#..#....#.....#..#..#..#........#......#........##..#..###......
.#.....#..............#...............#..#....#.#...#........#.......#..........
.................#....#.......#..#...#......#.....#....#..###.#...#......#......
........#......#...#..#.#....#......#..........#............#...#..#........#...
.......#..............#......#................#.##.....#........#....#..#.......
..#........#...#..................#.#......##..#................#...............
....#............#.......##..............#...........#...#.#........#........#..
...#......................#.#...........#..#..........#....#..#.......#.......#.
.#.............#..........#..........##..................##.#.................#.
...#........#........#.........##.........###............#.............#..#....#
.......#.#...##...#.##.......#..........#.....................#......#.#.....#..
...........#..#.#...........#.#.##........#.#....#............#......#..........
.#.#........#..#..#.................#....#.....#.##.........#....#.#.#..#.......
#..#.....#.#.#...#..#..#..............#..........#..........#...................
...#.#..#.#.#.....#..........#...#...............#.......#......#.............#.
....#.#..#.............#..##..#.....#..##.#.....#..#...#....#......#.....#......
....................#.......#..#......##....#.#.......#......#......#.#.#.....#.
#....#..##.#...........##.#....###...##.......##....................#......##.#.
...#............##.##..#......#......#...##...#.#.#.#..#.......#.....#..###....#
..#....#................#...#.......#........#.........##.#..#....#...#.........
...##..##........##..##.#..............#..............#......#..#.#....#....#..#
.#......##..........#...#........#...##.....................#..........#..#..#..
100
13 22
14 5
12 27
7 14
4 14
6 29
4 13
10 11
14 11
7 19
13 32
8 3
12 9
12 35
15 39
17 10
18 19
19 27
1 1
6 1
9 9
6 39
9 24
1 24
12 27
1 4
2 2
15 18
5 2
12 18
8 9
13 17
5 34
11 11
20 24
17 10
1 17
6 36
6 29
5 15
15 32
13 28
10 20
11 23
3 28
20 8
6 32
6 14
1 37
2 36
20 36
12 9
13 23
20 20
2 18
7 9
3 17
12 34
11 22
4 13
6 34
5 16
3 30
2 20
3 6
18 39
4 36
17 34
20 9
17 18
3 9
13 25
9 13
11 39
16 29
2 15
18 6
2 5
15 24
13 25
5 12
19 23
9 33
6 30
12 29
18 39
2 23
7 28
17 15
9 7
9 39
8 38
13 17
14 29
20 11
18 27
3 16
15 39
10 37
7 10
