80 40
......#.........#..##......#..#..#...#........#.......#...#..#......#.#.........
........#..##.......##.#............#...#..#........#....#......................
#..#..#.#..#.#..#........#....#.#..#..........#..#..#.#.#........#.#............
#..........#...#.....#.#.......#..........#...#.#.....##...##.......#...........
#........#......#......#............#..........#.....#..................#.......
....#.##...#.##..#.........#..........##..#...#.......#.#.............#.......#.
...#..#.....#....##........#....................#...#......#...#.....#.#.#..##..
.....#........................#...#..#...#..........#..........#....###........#
....#...#..........#...#..#.....#............#.......#.#.....#...#.....#......#.
......#......#......#.#.......................#.....#.#.##.....#.###...#...#....
.............#......#...#...#....#.##......##....#......##......#..........#.#..
..........#...#...#..............#.......#......#......#.....#.................#
................###..........#.....................##.....#..........#.##.#.....
......#.#..#......#...#.#................#.#........#..................#........
..#......#..#..........#..#.....##......#..##..####......#.....#..............#.
............#.#.......##.#.......#.#.....#...#.....#...#.....#............#.....
#...........#...............#.#..............#..#...............#..#...#.......#
........#.#..##......#.#...#......#.........#..##....##..........#.##.#.........
..#.....#...#.#....##...#......#.#..#...##..##......#.................#.#..###..
..#....#......####....#.................#...#.....#...#.#......#.#..............
....#....##....#.#.....#...##.#...............#.#..................#....#......#
............##.#.....#.####..#..................................................
......#........#.......#........##...........#...#..............#.....#....#..##
.....#......###..#....#......#......#.##.#.......#.#..............#...........#.
#.##......#...#.#..#...........................#.##..##.##..#..#.....#....##....
......#..#...#......#....###........#..#...#...#....................#..#...#....
..#.....##..............#.#....#...##.........#..#..#.......#..#....##...#...##.
..##..#.....#.....#...#.....###.......##.#......#..........#...........###..#...
....#.......#...#.#..#......##...#.....#.##.....#........##........#.#....#...#.
...#.##........#...........................#........#.#...#.......#.............
.##........#...........#.....#.......###....##.#.......#..............#...#.#.#.
....................##..........#...#..#..#.....#......#..........#..#.......#.#
...............#..#......#..##.........#.##......#.......#....#....##......##...
...............#.....#.##...#..#.#............##.#.......##.....#.....#.#.....#.
...#..........#.....#.....#.#....#.....##.#.#..........................#........
...............#....#.....#....#.#...#....#.#...................#..........##...
#......#...#....#.....#..#..........#.....................##...#.......#.#.###.#
.#....#..#.#.............#...###..........#....#................#.#.....#.....##
.......#.#...............##.................#.......................#..#........
.#..#..#.#............#....#...#.#...........##..##...#.#.#....#.....#..........
100
20 28
12 36
16 20
12 32
6 22
5 16
2 6
16 30
4 40
11 23
11 17
3 9
2 3
6 34
4 18
4 34
4 23
17 12
14 19
20 1
7 21
4 2
2 21
11 19
12 7
9 34
8 23
11 6
14 22
19 23
1 12
6 22
10 16
2 12
18 40
12 1
4 24
12 30
11 20
13 38
10 4
8 3
7 9
14 6
20 39
7 39
13 4
2 14
4 21
13 23
16 38
15 14
10 35
1 2
5 36
13 29
10 9
6 14
14 12
8 23
3 31
7 33
12 5
15 9
2 10
5 7
6 10
6 33
18 5
2 12
16 2
12 15
5 33
19 31
19 18
6 38
10 27
20 26
19 26
15 40
13 24
3 2
19 22
7 19
4 10
8 31
10 11
4 39
18 38
14 33
5 14
11 30
20 32
10 23
13 36
6 4
20 25
2 34
13 7
20 34
