80 40
.....#.....#...#....#..........#.........#.....#.............##..#.......#.###..
..#....#.#............###......#...###......#....#.###......#...#.#.........#...
.###...#......##.........#.....#....#....#...#......#..............#...#..#.#...
...........#.#.###......#.#.#..#....#.........#....#.####.#..#.......#.......#..
.....##......#.....#.......##..........#.................#...........###........
....#.#...##.......................#............#..............#....#.#.#.#.....
..#.........#..#.#.......................#..#............#.##......#.....#......
##..........#...#.##......##...#.#..###...#....#....#.....#.####................
...#.#.............#....#.#..#..#........#.............#...#....#............##.
.....#......#.#.#.....#...........##........#............#.....#..##.#.#....##..
.....#.....#...##......#..................##..##.......##....#..................
.####.#........#.....#...#....#......#.#...##...#..#...#................#...#...
..#.##......##..#.#...##...#..........#........#.#.....#.....#.......#..........
..#.......##.........#........##......#....#.#.....#.#.#...........#........#...
.......#....##.###.#..#...##..#.....#.........#.....#.#.#..........#...##.......
....#..........#.........#........#........##..............##....##.........#...
##..#....................#..#........#..##.........#.......##.......#.#......##.
...#.............#.##.......#.#.......................#.#........####......##...
.#..........#....#.#....##.............#.........#.#.......#.......#..........#.
....#.......#......#.#...##...#.......#.......#..................##.#..##..#..#.
#.#......##........#....#......................#.....#..#............#.....#....
...#.....#...............#..#........#...........#............#..#...........#..
........###...#...#....#.#........#......#.###.......#...#..........#........#..
.##..#.#.##..........#......#...#.#....................................#.....#..
...................#..#.......#.....##.....#..........#.....##.......#.#........
.##...............................#....#.#..............#...........#.......#...
....................#....#........##..............##.......#...#..#.............
..........................##.......#....#...#....##........#....#.....#........#
..##.##.........................#....##..........#.#..#.#........###.....#......
..#.#.........#.#.......##.#.......#.................................##..#......
..#................##..#...............................#.....#.#..#......#...#.#
....#...#........#..#....#....#.#..........#..........#.#.......#.....#.##..#...
....#.........#....#...............#..............#....#....#.....#.#.#.........
............#.....#....#...#.#...#...#.#....#......................#............
.#....#..#....#.........#.....#..#..#....#........##....#...#....#........#...##
.#.......##.#.#.#.......#.#..#.....................##......#..#......#........#.
..........#...#.........####..........#................#.....#....#....#........
............#............#..................#.....#.#.#..........#....#.#.#.....
....#........#...##....#...#........#.#........#.##.....###.....#......#...##...
#..................#................#..............#.......#.....#......#..#...#
100
14 35
11 26
4 23
19 39
5 29
15 34
9 9
1 35
13 25
7 28
12 11
1 4
14 28
20 4
12 4
10 30
1 39
9 25
14 32
7 9
14 38
6 18
10 8
16 22
6 25
5 23
4 36
9 11
18 17
17 10
13 4
1 32
7 39
10 35
20 15
20 15
12 10
10 21
5 18
10 12
15 1
5 20
11 5
12 13
17 1
2 11
16 1
16 4
15 5
14 36
8 10
2 33
14 22
6 8
20 32
14 21
19 19
10 12
12 10
2 30
7 26
11 3
6 2
9 34
8 22
14 8
11 13
12 14
10 40
14 39
5 14
12 39
16 8
4 29
2 2
15 33
17 10
3 16
4 31
10 31
9 24
20 5
11 1
13 9
16 15
1 34
1 24
7 5
5 7
7 29
6 18
13 1
10 28
12 26
17 10
18 36
20 31
8 40
9 25
5 35
