80 40
.....#..#..#.............#........#..#..#..........................#...#........
..#........#.#.#...................#........##......#.....#.#.##................
...#.#..............#...##....#..##..........#....##.##.#..............#.....##.
................#...........#.......##..#..#......#........#....#..#.##....#..#.
#.#......#...........#..#............##.................#.................#..###
...............#.#............................##.......##..........#.###........
..#......#...#....##...............#..#.#.#........#........#..........#........
.#..#................#...........#..#..#.................#.......##..........#.#
....#.#..#...##.##..#.............#.........#...........#.........#.#..#.......#
...#..##....#...#...................#....#............#.................#..##...
........#.....#...........#...#....#..#........###...........#.........#.....#..
.#...#........#........##....##.....#.......#.......#.#...#..........#..........
#......##..#....##.........#.....#...#...........#........#....##..#..#...#.....
....#.....#.#.#.#...#...#.....#....#.........................#..#..........#.#..
#...........#...............#.....#...........##..#................#....##....#.
....#....#.#...#.....#.....#...#..#.......#................###...#.......#......
.#.............#....................................#..##........#..............
......#..#.....#.....#....#....#....#...###..#.###.........#..#....#............
.#........#.#....#..#.......###.#........#.##.#...#....#.#.........#........#...
..###......##.....#........#.......#..#.......#.##...........#....#.............
.#.....#.....#.#....#.#...##.#.........#...........#..#.#.......##..............
...#.............#......#...##...#..#...#..........#......#......#.....#......##
.#.................................#.#................#......................#..
..#....##.........#...........##....#..#.#..................#....#........#.....
..........#........#..#...........#....#...#...#....#.....#....#.....##...#.....
...#.......#..#.....#.#.....#......##..#............#..#.#.............#.#....#.
....#..#....#..#.#....#.......#.......#.....#....................#....#........#
...#.#...##..#..#.#..............#.#........#..#.#..........#.........##.#......
..####.................#.......#..#.....#.#..#...........#...#..........#...#...
#...#.#........##.......#.#...#.........#..#........#....#.....#.#....#....#....
..#.#.....#...#...........#......#.#...#..#...#........##..#.#...#...#.........#
#..........#.......##..##..................#...#.....#.............#..#...#..#..
.............#.........#.##.#...................#...#.#......#....#.#...........
#..#.....##........##.#.........##.............#.......#..#...#....#....#...#...
......................##...................#..#...#...#..............##.........
.#..........#.......#..............#................##........#.#...............
#.#.....#...##....#.....#........#...........#..........#..#..........#..#......
..###..#..###..........#........#.....#.#..#...#........#.....#......#.#........
##...........#........#...#.....##...#.....#.......##..#.............#..........
.#..........#..#........#.....#...........#..............#.......#.#..#.........
100
4 11
15 23
8 26
5 27
2 9
1 27
18 39
10 4
6 6
15 23
14 8
17 38
3 14
8 25
16 28
9 36
19 23
9 10
7 18
10 11
11 36
9 36
16 16
10 28
2 5
10 8
19 7
3 25
20 3
4 1
20 19
16 10
17 39
3 17
8 32
19 11
5 20
15 34
10 26
10 9
3 33
19 14
13 1
15 28
5 30
6 19
7 6
14 8
20 31
13 23
10 34
9 38
4 5
1 1
14 19
7 19
7 29
13 14
6 34
6 31
20 11
19 19
10 5
14 14
19 32
12 28
2 21
5 10
8 19
7 2
3 39
8 4
15 2
20 37
8 39
6 19
12 17
13 13
2 38
18 19
20 28
10 9
2 35
4 37
18 31
19 15
20 32
4 14
16 5
10 39
6 21
19 25
11 27
9 3
10 3
14 18
4 31
3 10
5 36
12 2
