80 40
......##.......#.#...#......#........#.......##.##...........###...#.......#....
....#..#.............#......#.......#......#....#..........#.............##...#.
..........#.......#..#.#............#......#.#...#..................#.....#...#.
...#...#.#.#..........#.#.......#.....#.........#...........#...#.#....#....#...
.#...#.##...........##.#.##.....##....#.....#......#.............#.....#.....#.#
..........#.......##.##..#....#...#..............#......##...................#..
.#............##..##.#.#.#..#..............#..........#...............#...#.....
#.#....#........#.#......#..#...........#....#.........#...............#...##...
.#....#.#......##..#....#.....#......##............#.......#.....#....#...#.....
......#............#....#....#.....#......#.##....#............#.#.#............
.#........#.....#.#.#......#....#....#....##.........###...............#...#....
.....##..###...........#..........#.....#.............#...#.....................
........#.....#..................#.........##...#.##.#...#........#...#....#....
..#.......#.......#...#.#....#...#.......#.#.#......#......#....#.#....#........
..##............#....#.......#........................#....#.....#........#...#.
..##..#...#.....#.#.#......#........#............#..#........#...#.....#.....#..
#.##..........##..#...#..#.......#.#........#.......#..#.#.....#...#...#.....#..
......#..........##..................#.........#.....###..................#....#
.#..#.#.......#...##............##........##.#.#..............#.....#......#.#..
..#...#.#..#...##............#.............#.............#..#..........#.#...##.
.#...............###.#............#......#.............##.....#...............#.
......#...#...#..#..........#...##................#.....#.#.............#.......
...##....#..##..#.#.#........#...#.....#......##.......#...#.#..........#.......
.#...#...........................#.........#......#..#.......##.........#.#.....
..........#......#...#..#..............#.........###.#..#....##.................
.#...#..............#..#.#..#........#..........#.........#..#.................#
...##...#.....#.#...#......##..##.....#.#.#........#..........#.##..##..#...#...
.....#...#.#..#.#........#...#...........#..#...............##..#........##.....
.#.#...#..............#....#...........#....#.....#...#.#.....#.....#.#.........
......#..#.#...##..#..#...#..#...............#..#..#..#.##....#.....#.....#..#..
...##....#.........#.........#.#..#..............##...........#...............#.
..#......#.........#...#......#...............#....#..#...........#......##....#
....#....#...#...............#.#.#.#....#....#..##.##..#.................#......
..####..#.#.#.#..............#......................#............#.........#....
##.#...#...#.................#..........#..................##.........#....#....
...#.......................#..#......................#..#.#......#...........#..
#........#....##.............#.##...#.#..#.###..##..#...#.#...#.......#...#.....
........#....................##....##.#.................#.....#.....#.........#.
.#....#................#.....#..#....#......#....#...#..#....#.......##.........
..........#..##..#...#....#.#....#.#......#..#...#.##.#...#.#......#...#...#..#.
100
1 11
14 7
18 29
1 17
19 31
9 15
6 18
13 24
11 15
3 14
10 15
17 39
18 38
17 22
10 26
18 1
12 28
13 29
13 34
1 26
12 35
5 16
16 25
17 26
15 29
11 38
9 10
3 8
4 37
10 26
1 11
7 5
14 25
6 37
17 25
17 31
4 36
16 9
18 28
19 17
7 31
13 3
16 8
11 8
5 17
20 13
16 36
4 33
3 34
11 10
14 40
20 7
2 10
11 24
12 4
3 14
17 8
12 40
5 21
15 20
12 8
17 32
9 30
10 27
3 5
5 37
18 39
17 22
17 4
5 39
13 5
8 5
8 24
19 29
12 1
12 28
4 24
8 19
15 21
8 16
11 31
11 33
11 39
12 35
2 32
4 21
17 21
17 11
7 23
7 17
18 34
1 14
20 4
20 15
16 36
8 8
7 9
8 17
17 2
7 13
