80 40
.#.#..##..#......#..#....#.......#.##....#..#........#.#...........#.......#..#.
.....#..#....##...#...............#............#.....##........#.....#..#.......
............#....#.#.#....#.......................#.............##...##........#
#.........##..##.##.....#.................#...#......#..........#.......#.......
....##.............#.....#....................#........#...#.#....#...#.#.......
..##........................#...................#...............................
..#...#.........#......#.........#................#.................#......#....
.................#...#..#........................#..##..#........#....#.........
.#....#.......#.............................##.#..#.#..##...###.................
..##...............#...#.#......#..#...........#...##.........#.#.#...#.....#...
..#.....#...........#........#.........##...#................#.#.....#...#..#...
.......#..#..#......#.###....#..#.#..#...#.............#..#.....#.#..#.#.#......
..#....#...#.#.......#...................#........#..................#....#.....
.....#............#..#.#.#.....#.#..#.#.#.............#.#...#.....#.....#.......
...#.##..#......##.........#.............#..#........#.....#......#.............
.........#.......##.##.#...#.#......#..#..#.##..........##..........##......#...
......#....#......#....#...............#.#.#....#....#.....#.#..#.#.##..##......
#...#...##.##.......#.............#.#.......................#....#..###.........
...................#.........#.....#..#......#.##........##.....#..........#...#
..###.....#.........#..#....#....#.....##..##.###...#.#....#.....#........##.#..
.#.......#...#..........#........##...........#......#.#..........#...........#.
..#.#.#..#.........#......#......#..#........#...#......#......#..#...#....#....
#..#....#..............###................#.#.#......#.........#.......#.....##.
.#.......#.............#.................#..........##..................##...#..
.#...#......#.............#..#..#....................#....#.#...#..#.#....#.....
.##.#....................#.#.........#.#....#.......#..........#.#......#.......
.#.#.....#..................#.............#..#...#....##......#.#.......####...#
.....#.......#.#.........................#........#........##.........#.....#...
.............##.........#....#..#.......#........#.....#..#.............##......
........#...............#.#........#............#.......#.......#.#..#.#.....#..
..###..#......#....##.......#...#.............#.#.##........#..#..##......#..#.#
...........##..#..........#...#....#.......###......#........#...##.....##......
.#.....#...#.#.......#....##......##..........#.#....##........###..#...........
.....##.#.....#...........................##.....#..#.#........#...#...#....#...
....#......#......#.......#.....#.#.....##......##.....................#.##.#...
.#..#...........#.#.......####......#............#..#...#.#..#........##..#.....
.......#.#...#.......#..................#.....#.....#..#..#................#....
.#...#...........#.......##.....#....##..........#....#......#.#.....##..#...#.#
...#......#.##....................#.........#......##...........#.....#...###..#
..#..#..#.....##.......................................#.......................#
100
17 2
14 35
10 6
18 32
14 26
7 23
6 3
1 37
4 33
14 9
14 31
5 30
5 19
12 34
7 25
13 33
10 9
14 16
2 31
15 22
10 2
15 2
14 20
13 14
8 32
18 35
4 34
5 23
18 33
19 34
19 20
4 25
17 21
11 13
6 18
16 26
1 5
19 32
14 24
1 1
8 17
9 1
8 28
2 36
11 34
4 3
9 27
11 17
17 18
15 26
18 15
19 38
9 10
2 14
15 11
20 17
15 26
11 10
4 38
20 40
12 28
10 31
17 29
12 13
15 9
20 28
20 23
12 29
4 29
5 21
3 2
2 12
14 38
11 34
1 26
3 4
11 36
1 27
13 14
16 22
12 13
4 27
1 3
16 16
10 23
13 20
3 12
17 24
2 35
15 19
15 37
7 35
10 3
9 23
18 15
13 26
20 9
7 34
7 23
7 24
