80 40
.................#........#.......##..........#..#.#.....#....#..........#..#...
..##.......#...#........#...............#.....#........#.#.#........#........#.#
.......#..#........#...#.....#....##.....#.###......#...#...........#........#..
#....###..#.##.#......#.#.#............#.#....#..#...#..#..#....#.#...#........#
.......#..........#...#..#.#...............#...#.............#..................
...#..#......................#.............#.....#..........#..###.............#
..##....####..#.........................#................#....#.....##....#.....
.......#...#.....#.#...#.....#..#.#.......#.......#..#............#.#.........#.
.........##...............................#.#....#...#....................#.....
.....#..#....#....#.#...#.................#..##.#......#.##.................#...
..#..#.#..........##.....#..............#......##........##.###......#....#.....
.#.....#.....#...#...#......#.....#.....#.........#..#.......#..........#.......
...#...#.....#................#....#..#.#..........##..#.....#...............#.#
....#....#....###.#.#.#....#.........#......#...#.#............#........####.#..
..#...#.#.....#....................#..#......#.......#.....#..#.#.....#.........
..#....#.....#....#........#.......#.#................#.........##..#....##....#
..#.#....#..#.#.............#.......#..##...........#...........#........#......
..............##...##........#......#....#....#..#.......#......................
.....#......#...................##..#...#........##........#..#.................
.........#.#...#............#.#.#......#.#..#...#.#....#.#..#...#...#.....#.#...
.#.......#..#..............#.........#.#.......#.........#..#...................
.##.............##..........#.#......#........#...##........#...#.#.#...##......
.......#..#.##..........#......#.#.....#.......##.#.#..#.......#.#...###.#......
#....#........#....#.....#...........#...#...#.....#......#.#..........#...#....
......#.......#.#....#.....#.............##...........#........###..#..##.....#.
#............#.#.......#.....#..##...#.............#.#..#.#...#.#....#..#.......
....#..##.##..####....#.#..#.................#.#.#......#.........#.#......#...#
#.......#...#.........#....#....#.#....#....#...##......#..#.#...#.#..#....#....
#..............#.......#.#......#..#.....#.....#.#....#..........#.##...........
.#......#....#.....#..##........#................#...#...#......#......#........
...#...................#.#........#...#..#.#...#..#........##..#........#..#....
....#.###....#..#........#..............#......#...........##........#.###......
....#..#.................#.....#..#...#..................#.###.#...##....#......
#...#..........#.#..#..........#..#......#....#..................#......#.......
.....#....#...##..........#..............#.......#.#..#..#..#.#.................
..#......................#..##.......#...#.#.....#.....#...#..##...#.#.........#
..................#............#.#.....#......##.....#......#.......#.##......#.
#....#..........#......##..................#....#....#............#.............
.......#........#.#.##...##.#.##.........#................#.#.......#..#........
#.#................#..........##.........#.#.#.......#....#...........#..#.#.#..
100
17 36
11 13
19 36
6 18
11 37
6 10
7 39
19 24
2 20
4 24
2 6
6 1
12 5
11 39
19 40
16 10
17 4
11 18
4 7
3 4
10 14
17 27
7 12
1 29
1 30
11 13
6 16
12 29
5 30
11 40
5 21
5 30
15 23
16 15
13 20
16 40
19 15
1 26
2 23
11 40
12 19
18 14
7 19
6 26
16 20
7 38
14 15
14 25
20 26
3 30
19 5
19 27
17 24
3 20
2 8
7 12
20 11
18 2
17 20
20 38
12 34
19 10
11 15
13 26
6 37
20 16
14 32
20 19
1 37
5 18
15 31
2 25
20 38
13 2
14 38
4 28
1 29
1 21
14 35
6 19
6 16
3 40
10 10
7 4
14 19
20 26
4 30
1 35
1 27
17 29
14 26
14 33
15 38
4 4
20 24
3 5
2 8
4 3
9 15
10 29
