80 40
.....#..#...#.##.......#...###...#.#...#.....#...........#...................#..
.#.....#...#...#.#.............#...#.#............#..........#....#.........#...
......#.#...#.......##............#.....##........#..#.........#...........###..
.#.........#..#.#..........#......#.....#.....................#.........#..#....
.#.#.#.#..#...............#......##....##................#.....................#
#......#...##.....#..#.......#....#.....#..#.....#....#..#..#..#....#.#...#...#.
#............#..#.....#.......#....##......#......#..#......#............#..#...
...........###.....#...#....##.........#.....##...#..........#.#.#.........#..#.
.................#.#............#..#.#....#.#..#........#......................#
................#.#..........#..#.......................#.......#..#.........#..
.#.##...#........#.......#......##......#......#...........#....#..........#..##
....#...##...##....#.#.#.#.......#............#...#.#..#.....#..#....#.....#.#..
.#..#...#.#...#..##....#.#.......#....#...#.........##...........#.....##.......
..###....#.#...........#....#.#.....#..#.......#.#......#...........#.#.....#...
......##.#..#...#...#....#...#....#....#.....#....#.#.#........##.....#.........
..........#........#......#..#.................#.......#..#............#........
#.#.......#..............#....#..........#....................#....#....#.......
.#..#....#.#.##............#.....##..#.........#......#...#.......#.....#..#..#.
#..............##..#......#...................###......#...#...#...##.....#.....
....#..........#...##........#....##.#.......##.......#....#.....#............#.
.......##..##......#..#........##..............#.............#...#....##.....#.#
......#.............#.#.........##.#.##...##......#...#...............#.........
......#....#....#......##...................##.#...#.............#..#...........
#...........#...###..................#........#.....#....##.........##..........
.#...#......#.....#.....#...###.#.......................##.........#...##.......
.......#........#..............#...#....#..................#....................
.........................#.....##...............................#.#........#....
##..#..##.....#..#...........#..#...#..#...........#.....#..#.................#.
.....#..#.#...#...........#......#....##.........#.#.......###..#.#...#.#.......
.#.#..#........#....#.#..............#.........#...#.........#.................#
....#..........##.......###..#...........#....#..#....###.#....#.....#......###.
..#.#........#......#.......#.........#..#............#.#.........#.............
.#......#..#.#............#.#................###...#..#...........#...#.#....#..
...........##.......................#..............#..#...#...#..............#..
..#...........#....#...................#...............#..#......##........#....
..#....#...........#....#...#.#.#.#....#.#.....##....###....#.......#..........#
..#................#..#.............#............#.......##....##...#.......#...
...................#..........#.#...............##.......#..##....#.....#......#
...#..#..#..#..............#.......##.#........#............................#...
....#.##.#.#.##.......#....#........................#............#...#..........
100
15 36
1 24
7 17
9 24
18 18
9 26
18 31
2 39
20 3
6 39
11 16
15 26
2 32
14 23
12 5
16 24
1 17
17 35
16 10
14 7
8 9
14 9
4 9
3 10
13 33
9 21
1 36
16 5
4 14
17 10
12 15
3 37
7 4
1 6
19 36
18 1
14 13
14 16
9 21
1 36
10 39
19 18
11 8
8 7
6 34
2 40
17 35
5 2
18 12
12 25
5 9
2 29
3 25
20 29
12 34
19 19
5 2
3 4
20 39
8 20
2 31
4 6
19 19
2 15
6 18
10 9
2 35
13 23
15 29
9 35
20 1
4 20
20 29
16 7
3 1
19 12
4 32
3 5
9 33
2 27
14 19
11 13
17 29
18 17
12 37
19 23
10 15
17 27
2 27
16 39
9 32
19 37
3 11
13 39
12 40
16 12
15 3
9 36
15 12
4 17
