80 40
.#...........#.........#.##..........#.#........#....#......#..............#...#
.#..#.............#................#........#...##...##.#.......#.........#.....
........###.....#..........#...#.......#......#.###......#...#.#....#...........
........#..##.........#....#.............#.#...................#................
##......#...#......#.................##....#......#.#............#...#.......#..
.#...............#....#...........#..##.##.#..#......#......#............#...#..
..#...#......#.....#...........#....#.............#.#.#...#.#.#...#......##.....
....#....#.#....#.............#...#.#.#..#......#..##...#..#.#...#........#.....
.#..........#.#.#......#.#.............##.......#..#.......#..#....##.....#.....
............#......##.....#...#.....#.......##.#......#.........##....#.#..#....
........#.....#....#...##.#.#............#.##.##....#........#................#.
..##..........#.........#..............#........#..............#..#..#.##.......
...#...........#.....#..........#..#..........#.........#..#..........#...##....
........#...........##......#.#..#.....#..##.#....#................#.......##.##
.#...........##..##.#.........##...#....#.....#...#..#..........#.....#.........
..#.#....#....#........#.......#.#...#....#........#........#........#.#..#...#.
...........#.......#..................#.......#.......#..............#..........
.....#....#.#..............................#.#................#.................
..#..#.........##.....#...................##....#......#.........#.##.#...#.....
..#.#......#.#..........#.....###...........#....###............................
.........................#......#...#...#.................#..##...#.............
#...#.......#.#................##.....#..#....#.#..#...##.#.....#......#.#......
...........##....#........#..........#..........#.....#........#.....#..#.......
#...##..#........#.###.......#.....#.#.....#..##....#...#.................#...#.
....#...................#...##..#.#......#....#.#.............#.#.#.......#.####
..#...............#...##.#...##.......#.##...............#.#............#.......
...#.##......##.#....#......#....#.....###....#.....#................#....#..##.
.........#.#...........#..#.#..#.......#................#......#.....#......#..#
....#.#.......#.#.........#......#...#....#...............#.....#.......#.#.....
...#..##.#...#..###....#..........#.........#...#...#...#...........#.#......#.#
........#.#.......#......#.......#.#.#......#......#........#............##.....
.#.#..............#....#...............#.......#..#.#.....#.##.#............#..#
##.........#...###..##....#......#.....##..###.##....#..........................
....#.....#...#.......#....#.#...............................#......#..#........
#...#.....#..........#.......#......#........##.#....###.#....#.........#.......
##.#.#.....##...........#....#.....#...........#...........#.....#.........#....
...........#.....#.##............#.............#.#.#........#..#.#.#...#...#....
.....#.........#......#.#..#..#...................................###.....#.#.#.
....#................#...........##......##.....#........#.#.#..#.#.#.....#.....
.#..###........#.........#..#...#....#..............##..........#....#....###...
100
14 35
8 36
1 10
5 22
3 17
11 2
16 18
4 16
17 15
15 38
4 4
1 30
10 13
7 18
7 1
8 35
2 1
6 25
18 18
16 31
2 2
12 25
7 31
12 15
15 4
6 21
18 25
15 36
6 30
4 27
5 38
19 13
14 29
13 16
10 9
10 18
13 12
3 4
14 37
12 31
5 37
15 4
6 20
20 10
2 28
11 32
14 20
12 10
8 1
4 30
3 27
8 29
6 10
11 5
6 13
18 17
5 38
14 37
7 2
13 14
3 3
7 25
4 1
5 13
11 3
14 34
1 10
16 21
10 12
14 22
5 24
5 27
5 23
9 13
10 3
19 15
15 19
9 23
10 25
16 3
14 7
9 16
20 32
11 13
16 28
7 39
6 13
16 33
1 34
20 1
4 31
1 9
2 22
19 24
11 2
11 17
12 5
10 15
7 24
12 34
