80 40
.......#..#..#...#.....#.#.#...........#..........#........#...###...........#..
.......#.....#.....#........##.#..........###..###..#.....#.....#.#.......#.....
#...............#..........#..........................#......##..#.........##...
.....#.#..##....##....#.........###...#...#.....#...........#....#..............
........#.....##..##..#....#............#..........#........#.#...#..........#..
.#..#.......#......##..#................#..#........#.#..................#......
....#.#......#.#............#...#.............#.........#.....#..#.#..#...#....#
..........#....#..##....#...#...##.#.#.#.#..........#.........#....##.....#.....
........#..#......##.......#....#.....................#...#..#..#.#..#..#...#...
##.#...#.......................#.......##..#..#..#......#.#..........#..##......
...#.....#............##........#..........#...##........###......##...##.......
#..###..##..#.##.......#.#....#..#....#.#...........#......#..##...##..#.##.....
............#.#.....#.........#..#.#.#..#..#....##.#..#..#............##........
###..#......#...#..............#..........##..#.....#..##.#.....#..#..#.#.......
.#........#...#.........#...........#...#..........#.......#....#.#..........#.#
..........#..#.#..........#......#...#..##.#.#.#.......#................##.#.#..
.#.......##.....##............#.#.#..........#......#..........#.........#.#....
............##..........##.#.......###........#...#...#.......#.......##.......#
..#.#........#.........#.....#.........#....##....##.................#..........
......#...#..............................#.##.........#...#...##......#.........
.#..............#...#.#.....#....#.#.........#.#...................#....#.......
...#.........#.#.......#.............#.##.......#..#..#..#.##............#......
...#...#..#..#...#.#...........#..###.............###.#...##.....##....#........
.##...#.##..............#.....#.....#.#.#...............#......#................
#...#.#......#...#........#..###.............#.......#....#.#.........##..#.#.#.
..#.....#....#...............#.##...........#.#..#.#.#.#.....#....#.#...#......#
.#.#......#.........#.....#...........#.........#..#.....#.......#......##...#..
#.............#..#........#.......#........#...#........#.#.............#.#.....
..........#.#..........#.......#.....#.#...#....#....#.........#......#........#
....#...#.........#........#.......#.......#..........#.....#................#.#
#............##...................#...#.#.........#.#..#......#..##.........#...
..#.#....#.#......#.#.....#..#....#........#..............#.#...#.#....#........
..........#.........#.........#.....#...#.................#.......#..........#..
....#......#.#...##.....#.#........#......#................#...#....#...##....#.
....##.#.......#...#..................#....................###..##.#............
...........#.....#..##.#..#....#....#........##.........#....#.............#....
.......#....#...###.#.##.###......#...#..................#.#.....#.#............
#.....#....#....#......##...............#...#.....##.#.##.##...#.............#..
......#......#..#..........#..#....#...#....#..#...#.#.........##..#...#.....#..
.#...............##.......#.#...#.#......#.#.....##.#.#..........#..............
100
15 31
5 10
9 23
17 10
5 30
15 32
5 16
4 26
9 26
4 2
11 5
13 4
9 26
9 7
7 12
1 37
11 40
11 3
14 14
9 4
15 15
2 21
4 30
1 6
14 13
7 33
1 23
4 15
18 27
12 32
5 31
10 15
10 12
12 30
2 8
9 12
9 14
6 26
14 1
11 34
14 28
10 23
15 38
12 12
2 24
4 20
11 17
7 28
8 30
18 36
16 40
7 1
7 36
17 29
14 2
4 35
6 25
12 13
16 4
13 23
8 37
6 10
4 35
17 24
11 11
5 19
9 11
18 20
13 20
4 23
15 2
12 15
8 3
15 4
1 30
4 11
2 16
3 37
1 33
10 17
9 38
8 37
18 38
16 28
2 15
12 31
16 25
5 17
11 10
7 23
15 22
19 24
8 36
15 12
20 9
3 13
8 24
13 12
18 39
10 34
