80 40
....##...#.........##.#....#............#...................#.......#...#....#..
.#....##....#.#..#.#...##....#................#.............#.#..#..............
..#......#.......#....#.....................###.#.#....#.......#...#............
.#..........#...........#............................#.............#.#.....#....
.....#...#.##..............#.#.......................#....#...#...##.#...#....#.
...##..........................#.....#.....#.....#.....##.#......#....#....#.#..
....#.....................#.......#........#...........#.#.#.#..#...............
.##..#..............#............................#..#..............#.##.........
..#.#....#..........#.#.........#....#.....##..#.......#..............#......#..
.......#........#...#...#..#..........#.#...#..#..##...#.........#.#.#.#..#...#.
#.........#..................#..#..#..............#.#..#.#........#.......##...#
..........................#................##..#..#......#......#....#.#...#.#..
..................#........#...................#.....##.......#......#...##.....
#................#..#....#...........#..#......#....#.#....#.......#.#........##
...#........#.......#.#..#.....##..#....#......#....................#.......#...
.#........#.....#......###......#.........#.................#.....##..........#.
.......#...#.....................#.....#.....#......#........#..#.#.......#..#..
#....#..#.#.........##.####....#...#....#........##......................#...#..
................#..#.....#......#..........#.................#.....#.#....#.....
....##...#...#......#..#.....#.............##......#..#.##.....#.............#..
......#.....#..#...##.#.#...................#.#........##....##...........#.....
.#...........##.......#..#.#........#......##.......#.....#..........#....#..###
..#....#.....................#.....#...............................##.#....#....
.................................##..#......#...#...#.#...............#....#....
##.#..##..##................#........#........#.#.#....................#.....#.#
##.....#.......#...#...#...#.....#.#...#.#.............#.........#.#.........#..
#....##.#...............................##.....#.....#.##...#........#.##.#.....
................#.#..#..#...#................#..##.........#......#.#.........#.
....#......#.#...#......#.......##.#...#..##................##...........#......
...#.#..#......#.#...#.............#..#..#..#.#..##..#..#..........###.#........
.....#............##.......#....................#................#...#..#.......
###..........###..###.##...#..#...#....#.##............#..................#.....
..##..#.#...........#....#...#.....#.....#...#...........##.##.....#............
##.........#.......................#..........#..##....#.............#.#........
...##.....#........#....#.#....#..............#.....#.#.....#.......#.#........#
..#.......##.........##......#.................#.....#..........#.##........#...
......##....#................#.....#..##...........#.#......#.......#..#...#.#..
.#..#.#...................##....#....#...##..#.......#..............#..#...#....
.............#.#..#.....##......#....#..........#............#...........#..#...
..........##...............#..........................##....##..#............#..
100
18 2
10 37
3 9
10 7
3 32
13 29
4 38
20 20
12 26
5 28
20 18
20 9
10 25
13 13
18 40
1 39
15 13
1 34
14 21
13 11
12 36
5 6
14 3
7 15
12 13
16 11
20 36
13 35
6 23
1 38
10 8
13 14
8 9
11 19
3 10
11 1
19 23
12 4
9 27
4 10
20 28
20 29
8 9
20 26
8 36
12 30
13 14
8 18
4 28
10 22
3 10
12 36
12 16
19 20
7 24
1 39
10 21
19 3
3 27
18 21
5 1
12 37
14 22
12 12
18 10
15 7
20 24
9 19
3 28
4 39
2 5
11 33
16 12
15 21
10 40
11 29
12 20
16 5
5 24
12 37
4 11
7 37
11 40
19 24
6 10
7 31
5 29
1 12
15 19
8 31
4 13
18 19
3 7
2 27
11 2
7 34
2 23
17 13
13 38
8 3
