80 40
...............................#...........#..#..#........#....#....#...#..#...#
#....#.#....#..........#.....................................#.#.##..#....#.....
......#.......#...#................#.....#...#......#..#......##..............#.
.....#...#....#.#.#............#...#...#.....#.........##.###...................
...........#...#.....#..#.#....#...#.##.#.#..........#...##.......#..#...#......
.#.##......#...............###......###..........#.................###........#.
.##....#.....#.#.................#...#..##.#...#........##........#..........#..
..#...#.......#...#..#....#..##...#.#...#......#.........#.#.#..................
.....#.....#...#.#...........#.#.....#..................#.....#.........#.......
................#......#..#...##...#..#..#.......#............##..#.............
....#.#...........#...........#.#..#..#......#.......#..#....#.#.......#........
#......#..##...#......#.###.....#.......##....#..............#...###...#....#..#
..##...#.....#........#..#.#......#.....#......##..#..........#.##....#...#.....
.#.........#.........#............#...#.....#...........#.###.##.#..#.......#...
#........###............#..##..#.........#....#.........#.........#..#.....#....
...###..............#.#...........#.....#........#.........##...#..............#
..#..#..#.#.....#..#.................#................#........#.....#..........
.............#...#......##...........#..#...##.#......#...............#...##....
....##.#..##................#............#.....#...#..#..#.........#.#..#....#..
#...##...###.................#..........#...##.#....#.....#....#..........#...##
..............#.......#..#..#.....#.#...##...#...............#..#....##.#.......
##.................#..#.....#.##....#.#.....#.#.##.....#..#............#..#.#...
....#.......#.##.#...##.......................#..................#..........#...
....#..#...#.....#..#.#...........#..##...###....#...#.........#...#....#.......
..#....#....#..#..............#...................###...............#...........
......................##......#..............#....................#...#.#..#....
.#.#........##...#..#..###......#..#..........##..#............#.......#........
......#....#....#.............#...#........#.............#.###.....#..##........
#................#.....#....#...#.........#.......#.....##....#.....#..#........
#.....#..................#.........#.......#......#..###..##..............#.#...
..#..#.....#..#...............#...#.....#...#..#.#....#...........#....#.......#
..#......#............#........#....#.....#.......#.##.......#...............#..
#...#..#............................#.#...#............#.......#.....#.....#...#
..............##....##..#.##......#...............#......#.#.......#.#..........
......#..###....#.#............#.....#..............#....##...#.....#.#.....#.#.
.......#.#...#.##..#.#...#..............#.....#...#....#........#.......#...#...
............#.....#.....#.#.....#.#....#..........#...##.......#..#.............
...#..........#..#.......#..#.........#......###..................#...#..#.#..#.
.#.#......#..#....#..#..............................##....##...............#.#..
............#..#....###.#...##.....#......##....#....#...#..#........#...###....
100
5 16
6 18
11 39
9 2
8 7
3 32
10 38
11 27
1 29
13 35
6 24
4 39
19 9
3 34
7 10
9 9
14 20
20 17
4 11
9 15
12 11
8 17
2 10
18 30
9 2
4 26
15 31
13 30
5 27
2 23
2 19
11 24
2 29
17 40
9 29
10 14
8 31
8 2
9 25
11 39
4 31
17 7
4 31
3 1
18 22
10 15
11 38
12 6
9 34
17 32
6 2
10 35
7 7
5 26
19 13
17 16
3 20
2 5
1 7
9 23
12 37
6 6
5 25
5 15
17 28
5 36
4 14
6 11
4 22
18 21
13 11
17 1
3 16
9 15
2 30
16 14
9 31
13 35
9 10
17 25
16 1
5 27
7 36
18 2
15 21
15 5
5 40
7 27
13 38
5 39
6 14
9 34
17 6
14 34
14 40
4 5
15 20
5 31
11 29
12 17
