80 40
........##...#..#.#...............##...........................#..#...#.#......#
.##.........#....##.........#..........#...........#......##.....#.............#
.#.....##.##...........#............#..#..####..........#....###................
#.#...##.#.#...........#.......#..#..........#......#....#.##.........##...#....
.............#.#..........#...#...###............#....#..##...#.#..#.........#.#
...#..##.#....#.#.....#......#..............#...........#.#....#.#.....#........
..#..#...........#....##........#.#....#.....##.#.....#....#.#...##....#..#.#.#.
...#..##.............###.......##.........#....#.....#........#...........#.....
.#.##..#...#....#..#.....#.....#...#......#...............#.......#....#...#.#.#
.....................#.........#...#....#.##................##......#.......#...
#.#....#...#....#..#......#.###....#.........#..............#.#.#.........#.....
..##.#...##......#......#....#.....#...#........#......#.........##.............
.........................#......#.......#....#..........................#.......
.#.#.......#......#....#.#........................#........#............###.....
#.##...#....#...............#.......##...#............#...........#....#....#.#.
.....#......#..#....#..........###.#....###....#.#......##..#..................#
##.....#.....#..#........#...#..#..#...#..........................#.#...........
....#.....#.............................#.......................#....#........#.
........#....#...........#.....##.....#.....................###.#......#..#...#.
..##...#.................#........##....#.#......#..##.......#.............#....
.....#.....##....###.#................................#.#....#.......#..........
.##..........#.....#......##..#.............##.#.......#..###....#...#.#....#..#
..#....#..#.....#.####.....#......#...........#..........#.##...................
...........#.....#.....#.....#........#...#....##......#........#........#.#.##.
.......#............#...................#.....#.....#.....#....#.....#..#.......
........#........#..................#...#..#.#..#.......#.#.##......#.........#.
..............#....#.#...........#....##.......#......#..........#.#.........#..
..##.......##.....##..#..#....#.....##......#.............#.....#...............
..........#.....#..##..#.......###.#......#...#..........##..#.........#......#.
......##....#....##..#.................................##...#.......#......#....
........#..##..#........###.............##......................................
..#.#...................##.#..#.....#......#......#.......................#.....
#...#...#.#........#..##......................#.#....##.#.....#.........#.......
.##.#....#.#......#..........#..#.................#...........................#.
...............#....##........#........#..........#.....#....#.#...##..#..#..#..
...##..............#...#....#..#....#........#....................##..#.#.......
....#............#.#.........#.##.#.#..##.#.##....#....#............#...#.....#.
.##.#........#....#..##.......#.#..#.#.#...#.................#.##.........#.....
..#......#.......#..........#......#..........##.#....#...........#......#...#..
....##........#..#......###......#.......#......##..........#......#....##...#..
100
8 25
4 10
20 28
20 9
19 35
20 39
10 25
10 13
5 32
18 35
8 15
5 35
1 15
5 5
17 8
3 10
10 9
17 25
1 32
7 24
15 27
9 15
12 10
7 19
1 4
8 29
19 34
15 1
10 1
12 14
12 25
4 35
19 15
2 39
6 3
20 26
16 24
5 35
20 10
7 22
15 30
17 39
7 9
2 37
20 30
20 33
18 24
20 37
20 36
20 38
3 31
19 23
20 19
10 22
20 31
19 1
2 21
2 6
3 7
5 16
1 4
6 23
20 20
11 31
20 24
9 32
1 17
4 30
6 13
15 39
4 22
9 11
14 19
2 14
6 8
6 13
20 25
5 26
12 26
16 33
20 7
3 7
12 28
16 39
3 5
6 5
17 21
16 15
1 13
12 19
15 8
2 6
17 9
11 11
12 21
6 24
19 12
2 12
7 12
13 29
