80 40
....#..................#..............#..#......#........#.#..........#.........
......#..................#.....#.#..#.......#......#................#...........
.......#..#.............#.....#...................#........#....................
................#..##......#..##......#.##....#..#.....##...##........#...#.....
..#......##.....#......#.........#...#......#...##.................#............
#..................#........##...........##..#........#...........#....###.#....
..........##......#...#.......##...........#...#..#....#...##....##....#........
..#....#....#......#..#...#..#........................#...........#.....#.......
.......##...#......#.#.......#..#.#...#...............##..#........#............
..#...#..#..#......#.....#..........#...#..##.###....#..#.....#.#......#......#.
..............#........#..#...#....#.#.........#.#..#.........#.........#.......
..............#......##......#..#........##..#........#...#.#.......#...........
..............#...#.#.#..#.....#.##..#.......#......#............#...#.....#....
...#......#.......##..#.#.......#............#...#............####.......#.#....
..#......####....#.....#........................................#...#...........
.....#.#....#..#.............#...##.#..##....#......#..#.....#.#......#...#.##.#
......#.........#..#.........#........##.........#...#....#..#.....#..##........
.....#......#....#...........#........###.#....................#........#...#...
#.##....................##.#..#...##.....#..#...............#............#......
#....#...................#..#.#...........#.....#..#.##.........#..#.#........#.
.#..........#......#...#..#...#...........#...#...................#......#......
..........#.............#...#..###...#.#.#.#.###.......#.......##..........#..##
.#.#....#..##.............####.........#....#.......#.#.#.......#.......##....#.
...........#....#..........#.....#......#.............#....###..#.....#.#.......
#..#.#..........#...#..............#.#.#.#..#.#...###........#....#...#.........
...#..........##........#.#.....#..#.........##...#..#...#.#........#......##...
....#..#...........#......#..........#.......#...#.......#..#..###...#..#.......
...#...........#...#.##..#..........#..#.#.........#.#..#...#............#......
..#..#...#.#.......#....#.............#.............#...#....##.##....#..#......
......#..............#..........................#...#..#......#...#.....#.......
...#.#..........#.#...........##.#.#..#.#....#.......#..#.......#.#.#.........#.
..##...#.........#.....#..............#.....#..#.#...##.#......#.#..........#...
#....#....#.....##.....#...#.#.....................#.....#..#.....##.....#......
...##............#..##..##.........#......#....#........#..#.#..........#.#....#
#......#.........#.......#.#.......#......#.#..........##...........#..#........
.......#.......#......#........#........#......#.#....#...............#.#.......
....#.#....#...#...#..#..###......................#...#.......###.#.............
...............#..................#.......#......#.....#..##.....#..#.....#.....
#...................#...................#...........#..........##..#..##.......#
...#............#....#....#...................##.##.........#..#...#........#.##
100
19 8
14 31
5 12
11 24
10 32
12 24
9 1
16 30
10 16
20 3
4 12
3 11
16 16
16 36
2 23
12 38
15 38
18 31
13 8
9 37
16 3
11 8
12 27
10 7
6 14
16 16
8 17
19 6
13 23
8 31
8 1
11 15
19 1
18 11
15 14
2 6
10 23
15 21
9 19
19 15
12 21
20 20
6 10
8 4
2 36
5 3
14 37
16 28
5 4
20 4
10 10
19 33
20 11
14 20
10 8
13 24
20 21
2 16
10 27
12 21
17 10
18 6
7 25
11 5
2 13
8 40
9 25
5 7
13 30
18 40
12 39
10 33
7 3
15 24
8 32
12 22
19 25
6 33
13 18
15 17
6 9
6 30
2 16
12 15
16 10
1 35
6 34
15 14
17 28
18 38
11 14
6 36
17 26
5 23
1 12
15 37
20 26
10 38
3 12
5 23
