80 40
.#..#..#....#..#..#...#..#...#.####.........#..#.#.....#..........#.#.....#.#...
.#..#...#......#.#.........#.#......##...#...##.###.##.........#..#..###...#....
#..#...#.........#....#...#.......#..#..#..#....#....#......#..#.........#......
.#...#.#....#..#.....#.......##.#.....#.....#................#...#..............
..........#.......#..#...#.....#.##................#....#..........#............
............##................#.......#......#..............#...#.....#....#...#
.............#...#.#......#..#..........#......#.......#...#....#.............#.
.#.................##....#...............#.....#.....#..#...#...........#.....#.
.......#...............#...........#.................#.##.#......#.....##.##.##.
..#....#.#.......#...#...#.......#........#.##.............##...#............#..
...............#.....#.....#.............#.........#.#......##..............#...
...#...........#........##.#...#.......#..........#....#...#......#....##..#....
....#...............###...#...##..#...#.....###...#.....#......#......#..#...#..
.....##.....#.#..........##........#.............................#.........#.#..
..##...#.#.....#....##......#.................####....#.#................#.#....
.##....#.......#.#............#.##..#.....#.#....#...##...#.......#....##.......
........#......#...........##......#...#..................#................#....
#..###.#........#...#..##.....#......#......##.......#....#...........#.......#.
.....#.##.....#.....#...##..#.......#........#..#.#..#....#........#.#..........
.....#.#............##.........###.#..#.....#.....#...................#.......##
...##..#.#....#..#.....#...............#.........##......#..#....#..#...#...#...
.....................##.#.#............#.###.#.........#...#..##.......#...#....
#...#.#..#..........#...........#.#....#.....#..#.#...#....#............#.##....
.........#.......###.......#.......###.........#..##.#.#.#..#.####.....#.......#
.......#.##..#.....#........#.............#........##.#..#.....#..#.#.#....#....
#......#.....#....#.#...##......#.#...#.#............#..........###........#...#
.#.#...#........#.##.##.#...#.....#......##..#......#..#........#...........###.
#....#...#...........#.......#.#.........#..............##...#...#...#....#...##
#..#............#....#.....#.....##..................#........#....#...#......##
....##...##...#.....................##...#..##......#.....#............#........
.............#.......#.....................##....#...#...........#.......###....
...##.#...##.......##.#..###.#...#.....#...###..#.....##...#...........#.#......
........#.........#.#.......#......#....#...##.###.#..##.....#..#..#..#...#..#..
#....##.#..#....#.#...#.....#.......#.#.......#..#....#........#.........#....#.
..#..#..........#...........#.#..#.........#.....#...#..#..#....................
.......#..#....#.........#......#..#.......#..#..##....#...............##.......
.##.........##..........#..#......#.#.#..........#..............................
.......#............##.##..................#..##..#....#......###....#..........
..........#...#.....#....................#.............##..#...##.#....#........
.#..#....#.........#.....###.........................#..#.#......#.......#...#..
100
9 9
5 36
4 28
17 15
8 23
6 7
9 21
9 33
16 2
13 8
1 6
11 1
19 26
1 35
20 26
5 19
17 35
3 20
13 3
9 20
17 1
17 39
6 7
15 16
18 25
12 36
1 23
9 23
3 23
18 37
10 35
7 7
19 26
20 4
17 5
8 8
18 17
4 26
17 2
6 22
1 34
7 18
8 2
18 5
11 32
13 34
15 5
14 13
5 1
18 36
9 33
3 16
12 22
8 2
2 39
2 5
9 18
10 9
6 6
13 7
9 29
13 21
5 9
5 35
19 15
13 13
12 3
10 37
5 18
19 35
12 2
6 3
10 19
20 39
1 22
14 28
3 33
9 11
1 37
16 25
14 27
15 11
9 29
7 4
17 28
1 18
5 17
3 30
6 27
18 14
11 34
19 13
14 21
3 15
6 25
8 30
8 5
6 16
20 14
2 2
