80 40
...........#.#.....#..#.#..#......#....#.....#...###.#......#......#............
....................#...........................##.............#.#......#.......
...#..#......#........................#..#..#..#................#.....#..#..#...
.....#...#....#.............#.#..#...##........#..#.......#...##...#...#......##
#.......#...#...##.#....##.......#.....###..#...#............#..#...........#...
......#...#......##...#..#.........#....#..........#...#.......#....#...#.#.....
...#......#.........##...#.....##..#....##....#..#....#........#...........#....
.........#........##...#.........#.....#..#....##.....#..............#..........
.#.....#......#.###........##.#...................#...#.#..#..........#.........
.#..#...##...........#.....#.....#.....#..#.............#...##......##..##.###..
#..#....#.#........##....#.#.....#..................#..#................##......
..##.........#........#........#.........#...#.#...#..#.#.#.##...#.#.#..#.....#.
.#.#.....#....#...........#...#...##.......#.....#...#.#...##.....#...........#.
..#......................#..##..#.....##.....#...##.......#.##..................
#.#..#..#...........#...#.......#....#........#...#....#...#.#..#..#....#.#.....
...##..........###......#......#.....#..#.#...##..#..#..........................
...#........#.#.##.#..##..#...#..#..#.............#....#.#........#......#..##.#
........#.#.......#......#........#...#..............................#.#.##.....
...............#......#....................#...#..#.##...##..#.......#..........
.......##..#.#.....#.....##....#.................#....##........#...............
.#.............#....#...................#.....#......#...#.......#...#..#.##....
...##......#.....#......#...##........#..#..............#....#.......#......#...
...#.#..#.....#.......................#.#......#.......#....#....#.......#......
......#.##.##.#...........#...#..#..#.#.....#.#...#....#.....#.........#..#.#...
.......#..#.#...#.............#.#..#.#.#.....##.###..##.......#.................
........#.#..#.....#.#...#.....#..#.......#.....#.#...###....#.#.#....#..#..#...
....#......................#......#...#.##...#.........#........#...#...........
........#.......#.........................#.#.......#......##........#..........
............#.......#.#........#...#......###.......#.#..................#....#.
.....................#.#.....................#..##...#........#.#..#...........#
...#...#...#..........#.#.#................#..#......#...........#..........#..#
...#.......#....##........#......#...#...#...........#.....#........#...#....#..
..#......#..............##......#........#....##.............#..................
......#.###.........#....#....##............#....#.....##...................#...
...#..................#....#..#......................#..#....#.#..#.#.......#...
.....#......#.......#.#....#.##.........#..#....##..........#...........#.......
#.#...#...#....#......#.#...#.#.#...#....##......#.##..#.......#.#.....#....#.#.
..##...#.#...##.##...#........#.......................................#...#....#
..##...........#..##...##.....#.................#.#.......##...#................
............#............#.............#...........#...#..#..##.#...###.........
100
3 7
14 13
6 11
12 24
1 1
3 28
7 34
18 19
9 6
19 22
19 26
9 7
11 13
20 34
17 31
11 31
3 37
8 3
13 21
6 26
8 8
11 19
16 25
11 33
7 25
9 39
5 2
15 40
20 20
19 39
15 5
3 23
17 38
9 19
20 15
17 17
2 29
1 26
17 27
16 14
12 25
7 22
8 11
2 28
2 1
8 18
3 7
20 34
18 6
18 25
18 16
12 27
17 36
19 15
17 26
1 33
14 3
10 26
16 9
19 19
3 40
11 19
3 2
1 10
15 11
8 19
6 40
5 4
12 4
14 15
6 19
5 12
8 35
7 21
4 3
11 23
1 17
2 37
2 21
9 21
9 33
8 10
3 14
13 3
11 20
13 26
14 6
19 20
8 40
6 16
9 40
4 35
7 11
20 11
16 5
5 19
7 14
2 18
5 37
18 37
