80 40
...#.#...#..........#........##..................##.......................#.#...
...#......#......##.#...#..##.......................##......#...#........#....##
.....................#......#...#..#...#..................#......#...........#..
................#.##.#.......####......................#......#.#....##.###.....
.....#...#............#........#......#..#.....#..#.#....#...........#..........
..............##...............#...#...##..........#...#..#....#............#...
....#.#.................#...#..........................#.#..............#.......
.##..........#.....#...#....#..#.#...#...#....#.......##...##.#.#.............#.
.#.##......#....................#......#.##.###...#.#......#.........#...#.#....
.#......#.............#...........##...##......#....###.......#..........#......
..#.........#..#.....#........#....#...........###....##..#.#...#..#.....#......
#.............#.#..#........................##...#.#................#.....#.....
........#.....#....#.....##......#.#...#..#...............#.###.........#.......
...#..#...#....#...........#...#..#.#......#...........#................#...#...
.................#.#.#...#..#....#..###.....#.##......##.#................#.....
...........###.##.....#.#...........#.##.............#..#............#.......#..
..#..#.....#.....#.#.#..#.#............##.......................#.....#.#.......
.....##..#..#.......#.......................#................#.............#...#
.##...#..#.......###........##......#.#..........#.......#......................
...................##....#.#.......#.........#....#.........#.....#..#..#.......
..#.#......##..#.........#........#.#.#..#...............................#......
.............##....#....#.#.....#.#..#.........#.......##..#.##.........#..##...
....##......##....#.#........#....................#....#..........#............#
.....##.#.##...........##.....#.............#.....#..#.......#..........#...#...
...#...#....#.................#.#...#...........#.......#.#....#....#....##.....
.##.................#..............#..##..........###..##....#....#....#......#.
.........#.......#.#..#.......##.....#.....#...........#.....#.........#.#..#.#.
....#.#.#....#...#...........#............#.........#.......#...#...............
.#...#...........#......#.....##.................#.#................#...#....#..
...#..#.....#....#...#...#..#................#.............#......#....#..#.....
......#.....#.....##..##..#.###.#.......#.#..#.#.#.............#.............#..
....#...#..#..#...............#..................#...#.#.##........#...##.....#.
..................#.....##.....##....#.....#............#..#.....#....#.#.....#.
.....#.#..##.......#.#.#...#....#..#...#..................##....#...#.......#...
.......##...........#...##....##...#...........#.........###..............#.....
..#..#............#.#......#......#....#.#...##....#...........#....#.#.#.......
.......##...............#.....#..................................#.#........#..#
#.#................###..................#.....#......#...................#.#..#.
.....#.....#.#....#....#.........#.......##.#..#..##.#..#..........#.......#...#
#........#..#.#....#..#....##...#......##....#..#......#.#.##.......#........#..
100
8 28
9 21
20 13
9 15
16 10
18 29
16 18
20 25
3 1
12 5
9 19
14 29
8 18
16 8
7 12
19 13
19 15
15 3
12 23
20 2
17 17
9 29
4 32
13 22
7 20
18 33
5 26
3 35
3 4
17 22
12 21
18 7
18 26
19 33
18 10
2 5
4 33
17 38
13 26
20 4
12 2
9 2
13 1
16 39
19 21
1 38
18 10
13 16
13 15
12 4
7 23
15 4
4 40
12 19
10 17
7 35
17 15
18 29
14 25
15 26
12 25
18 15
3 16
18 22
17 30
1 30
7 22
7 9
9 25
6 22
18 33
1 36
20 6
9 31
14 2
19 39
10 31
8 1
9 34
18 17
12 6
19 2
16 38
16 37
8 22
14 37
8 4
9 32
9 12
20 30
14 36
7 11
1 19
13 18
10 14
4 37
16 8
6 1
17 24
9 32
