80 40
......##.#.....#..#.....#................#.....##......#.........#..#...#......#
..#..#........#...........#..#...........#...........##......#...........###...#
..........#.........#.#.#..........#.#.##.#....#....#..#.......#.#.#.#..#.......
##........#...........#...#.##...##..............#..........#...................
............................#.##.......#.....##...##..........#..#..............
............#....#.........#........#.......#.#......#....#.....#..##...##......
#...........#...#..................#..##..###..##..##.............##......#....#
..................#...#.....#......#..#...#..........#.#..#.#.#..#.#.........#..
#.#....#..#..........#.....#.......#.###..........#...........#...#.............
..............#..........................#.....#..#.............#.....#..#......
..##..........###.#.#...#.......##.##.............#...........##.........#......
....##.....#.#..#..#...#.#......#..#...........#.......#........#......#........
.......#........#.#......................#................##.....#........#.....
...##....##..#........#....#........#......#.#.................................#
....#....#.#...#..#...........#....#.......#.#.#......#.....#.........#.....#...
..#...#.#...#..#.#.#...##..#.................#........#..#...##.................
.......#......#.............#.#......#....#...##.##.#.....#.....#....##...##....
................#...#..#.#........###..#.....#.#..##.......................###.#
......#..#........#.......#......#....................#.........#..##...........
...#....#.......#.............##.........#..#.....#.#..........##...............
..........#......#............#....................#......##....###...#.......#.
.#.....#............##.........#..#.#...##.#.....##.#..............#.#.#..##..#.
...............#....#....#...#.......###.#..#....#..........#......#.##.........
#.##....#...#.#..#.#.....#..#.##.............##.#........##...#..........#.##...
.#.#...........#.#...........#..#...####...#..........##..........##..#......#..
...#.#.#.#.#......##.......#..............#......##...#.........#......##...#...
#.....#...#........#...........#.........##...#.#...........#............#......
.....##...#................#.....#................#........#..##.#..#...........
...........#.#.........#...................#..............##.........#...#.#....
.................#....#......#.....................#.#.#..........#.#...#......#
.....##......#....#...................##..#..........##.....####.........#..#...
.......#.......#.....#..#.#..#.#......###....##.#.....#...............#.....#.#.
.......#...........#..#....#.##...............##.#......#......................#
#..........#....#.#.#.#...#.#.....#.#...##..#.......##..#...#....#.........#....
.....#............#..........#...#.#....#......#...#...#.......#..#.............
#...#.......#......#.....#....#.......#.....#......##..#......#.................
..................#......#..#...#.#.#...##..........#......#....#........#..#..#
....#....##...#...##.#......#..##...##......#.....###..#.....##...............#.
.........#.#.....#.....#.............##..#..#.#....................#............
......#.....#.....#....#.#......#.................#.......#..#...##.....#.......
100
7 40
18 5
20 36
4 28
14 8
5 17
18 12
20 18
18 18
15 17
13 8
20 2
8 5
12 24
9 38
12 25
14 7
15 28
3 18
12 9
3 10
12 34
3 36
15 24
11 2
16 19
14 25
5 18
6 6
19 7
8 15
6 23
8 23
14 29
16 29
6 33
6 3
13 18
20 9
6 40
3 20
13 16
19 26
15 7
8 11
5 22
19 24
11 14
13 28
20 6
2 35
18 8
9 12
12 20
11 21
6 3
7 14
3 27
16 1
15 16
9 28
12 21
3 26
6 14
17 11
11 9
15 7
3 1
14 17
16 39
2 10
8 26
2 19
20 2
3 28
14 29
4 38
8 30
8 6
8 4
7 35
17 32
20 10
5 21
4 14
16 12
11 11
11 1
16 37
12 31
1 9
6 11
19 21
18 32
18 15
9 13
5 25
8 40
13 30
14 7
