80 40
..................#...#....#.............#....#.....#.........#.................
.................#.......#.....##........##.#.#..........#....#.###...###......#
.....#................#..........#....#.......#.#.......#...#....#.....#..#.....
...#.....#..#...#.#.#.......#........#...............#....#..##..........#....#.
.......#.....#..#.........#............#.................#..##..##.#....#..#..#.
.#.....#....#.....#.#.#.....#....##....#......#............#....#.#.............
...#........#..#..............#.....##...........#.......#.....#.......#.......#
..#..#....#.....#...................#........#....##...#......................#.
##...#.#.....#........#...#.........##..#...#..#.......#.........#.....#.#..#.#.
.#.##.....#..#...#............#.#...#...##....#..##.....#...##.........#.....#..
#..#.....##......#.#.......#.................#.#............................##..
....#....#...........#...#.#........#.#..#.#........##.#........#...............
..#..#...#................#.......#....#..#.....##.#.......####.#.#...#....#....
.........#........#..#..#..................#........#.................#....#....
..#...............#....#........#.....##...#......#........#...##...#.###.#.....
.##.#...#.....#......................#...........###.............#...#.....#....
#..#................#......#...#..#...............#...#.##............#.........
...##..........#............#.#...#.#..#..##........#...#...........#..........#
##...##...........#.#..#.........#..#.........#.....#......#..#.......#..#......
...................................#...........#.........##.......#.....#.......
.....#..#..#.#..##..##....#.#..........#............##..........#.........#.....
.................##...#.#.#.#......#.#......#.#..........................#...#..
.....#.....#..#........#......#.......#...#..#..........#................#.....#
#....#.#..#..#....#.........#.....##.#....#.......#.......................#.....
....##........#.........#......#........................#......#..........###...
......#...........#...##...#...##...###....#..................#.....#...........
...#.#.....#...#.........#.............##....##....#....#.#.......#.....#......#
.#.....#..#..#...#.....#.....#........##..#..#...........#......#.........#.#..#
.......#..#...###.................#...................#...........#.#.....#.....
..........#...#...#.......#..#....#..#...#...#.#...###....#.............#.##....
....#.....................#..#..#.#........#...#..#.#...#...........#......#....
.......#....#.........#..#..............#......#.........#.##...##..#..........#
....................##........#..........#.#...........#...#......#.....#...#...
............................#..#.#.............#..#.....###.........#....#......
............#.........#........#.............#......##...#...................#..
.....##...........#......#......................#.#.#.##.......#................
.......#....#.....#.#....#....#.......#...#...#..#....#..##.......#............#
#...........##.##..........##.....#........#..........#...##.#.#................
..#...#..#...#....#....#......#...#....#.............#...#.......#.####.........
#....#.###..#..#............#...#...#...##....##........#..#..........#.#.......
100
10 2
11 3
9 7
1 34
3 27
17 2
1 36
4 37
11 33
10 9
9 8
1 7
5 30
20 9
13 20
1 14
20 13
15 18
20 17
5 36
12 36
8 19
16 32
7 15
13 37
18 35
19 26
3 35
11 21
5 39
18 6
1 19
12 3
20 21
8 18
8 33
14 14
1 31
9 4
15 29
10 7
18 40
7 5
3 9
7 32
7 2
4 36
14 26
15 34
4 36
19 28
5 30
3 38
1 11
15 14
10 22
7 34
7 23
14 13
19 39
17 5
5 21
20 5
2 8
2 12
6 22
7 12
15 39
6 27
16 16
7 39
15 9
15 8
15 40
6 27
17 25
1 22
4 9
17 38
10 13
17 37
18 28
15 4
5 26
1 28
9 12
9 35
16 9
18 12
9 9
13 40
15 30
19 33
15 30
7 1
16 31
8 23
9 17
12 32
19 38
