80 40
#....#..##...................#..##.....#....#....#..#........#.....#....#.......
.......#....#.#...#...##.....#........#..................#.#.#......#........#.#
.#.........#............#..##..............#.....#.#..#.#..#.........#..##.#....
...#.#......#...##..#..#.....#.##...............#.........#........#..........#.
...#................#.#..#....#...............#...#.....................#....#..
...##..........#.....#........####......#......##......#.#.....##......#....##.#
...............##.....#..#.........##...#......#...#............#........#......
.....#...#.#......#......#.#.#..#..#........#..#..#..#.#...#........#.........#.
#...#.#...#....#....#.#.....#..........................#......##...............#
.........##.......#.............#.....#...........#..........#......#..#.....#..
....#.........#.....#....#.#............#...#....#..#...........................
...#.......#.........#...#...........#...#..#....#.....#...#......#..#..........
##....##......#...........##...##...###..........#...#...#...#......#..#.....#..
.......#...##...#...#..#...#....#.#..#....#.................#........#..#...#..#
#.#...#..#.......#......#.#.....................##.#......#....#.....#.........#
........#.#.............#.......##...............#.............#............#...
.......#....##..#................#...#.##...#.#..#...........#.###.........#...#
.#....#.##.#....##.#.#......###...#.........#..#..#.............#......#........
#......##.......#............#......##......##...........#......................
....#.#..#.#.......##....#.#.....................#..#.............#......#.....#
.........#....#.#.#.#.....##.................#....##.....#...#....#...........#.
..##..##.##...##.........#....#....#.#.............#.....#..........#...####.#..
.#....#........#..###.........#.....#....................#.....#................
#.......#...............#...........#..#.....#..............###.................
...........#......##....#.......#......##....#......#.....#....#.#.............#
#.........#........#.......................................#....##..........#...
....#........#....#...##.#.##..#.....#.#.....#....#.#.#.#.#...#......#....##....
.........#....#....#...#..#..##..................####.#..#..#...#...............
..............#...#..#..##.....#...#........#....#........##.#...#..............
#.....#..#..........#.....#.....#......#.#...#...............#..#.#...#......#..
...............#.........#........#.#...#.............................#...#.##..
.#....#...............##..#..#.............#...........#......#..#............#.
.##.........##.......#.....#.....#......##......##............#......#..........
.......#...............#.....#......................#..#..#..#...........#.#....
......##......#.....#..........#..#.....#.....#.#.........................#.#...
.....#...#..##........#.#..##...........#.......#....#.................#..#.#..#
......#..#.#...............##....#...........####......#.......#................
..#...........#......#.#...##.#....#.......#..................#.....#...........
#...#..#...........#.#....#....#.........#...#..#........#....#...............#.
...##..#...#.........##.#...#.#.#.........#......##..........#......##.........#
100
8 18
10 16
17 10
8 32
2 19
4 30
4 7
19 15
6 10
15 11
1 18
14 4
2 7
2 27
15 31
14 37
9 14
8 15
3 35
12 10
5 35
9 10
7 31
17 22
16 4
13 29
10 25
19 35
17 13
10 6
4 24
10 21
5 40
3 35
8 29
10 35
9 23
20 39
17 13
5 7
20 6
14 36
1 35
14 39
19 39
9 26
16 9
19 1
2 22
9 31
8 15
13 26
6 18
12 11
15 5
2 26
14 7
5 26
17 8
7 36
5 24
5 39
18 18
17 9
16 4
4 16
18 13
13 18
6 28
20 30
12 2
13 22
14 8
10 13
16 37
7 9
2 27
1 11
6 21
8 17
2 30
2 25
4 1
17 6
15 6
15 40
16 21
1 32
1 31
16 32
11 27
2 35
6 10
6 18
5 8
2 31
2 28
14 40
10 1
17 9
