80 40
.......#.##......#.....#...#.....#.......#.............#...#....#.#............#
.#......##..............#.............#......................#...#...#..#.#...#.
..#.#......................##........###...#...#.#.#......#........#.......#....
...........#.........#..#....#......#..............#.......#.......#.#..........
#........#...#.##..#.#.....#.........#.#....#...#.............#........#........
#....##........#.........#..#.#....##.#..........#..#.#.........#..###...#.#....
..#.#....#..#............#........#...........#.........#...#..#.#......##......
....##........#.....##...........#........#..#.....##........#............#.#...
..#...#.........##..#..#...........#....#........#.............................#
#.##......#....................##......#...................................#....
........##.#..........##.#..##.......#........#.##.....#.#...#...............#..
......#.....#..#.........#.........#.......#....#....#.........##.##..........#.
.......#.....##.........#......###.....#.##.......#.#.............#......#...#..
..#......#...........#.#......#.#..#.......#...............#.........#..........
.....##.#.......#..#.#.###.....#...##...#....#.##......#.....##....##....#....##
##.....#..##.......#..##........#.#...........#..#..##.##.#........###...##..###
.....#..........#.......#.........#..#.......#.#.........#................#.....
...#..#.....................#..........##.#..#....#........#...##......#........
.....#............#.......#.......#...#.#....................##.#..#...#.#..#...
......#..#....##......#..........................#...........###...##..#........
##...#..#...#.....##............#..........#..##.##....#.##................#..#.
#..........#..#......#....#......#......#.##.......#.....##.#........#.#........
.......................#............#..................................#..#.....
....#.............#..#.#......#........#........#..#............................
.#............#..#.......##......#..#.......#.##....#.#.#.........#.#.......#...
.#...........#..#...#...#.#........................##...................#....#..
##.......#..#.##.......##......#...........................#.......#............
.#............#.....#.....#.........#.....###....#...#...#..........#.......#...
............#....#..........#.......#......#....#......#.##.......#......#......
.........#......#....#.#.#..#....#....................#....#..#.....##....#.....
..........................................#.#......#...#.#.....#................
.........#.#...#...#...#............###........#.#.....##...........#......#....
.#..#.....#...........................##......#..##..##....##..#..##........#.#.
.#..................###...........#.....#........#.....##.#.#..........##..##...
..#...#.............##.........#..#.........##......#.......#..#...#..#.#.......
#.....##...............#.#.......#.............#...........#..........#...#....#
......#..##......##..........#.................#.#..............##......#..#....
##......#.#.#...##.##......#..##.#......#..##.....#.#..#...#.....##.....#..#....
...#..............#....##...#......##......#......##..#..........#.#...#........
..........#...........#....#.....#.............#.#.#............#......#........
100
9 15
14 14
18 30
4 30
14 30
14 7
16 14
13 40
20 25
12 37
19 27
7 3
10 35
3 4
15 18
18 28
1 7
19 38
2 28
18 20
18 39
5 37
1 14
14 4
8 32
12 33
5 17
3 21
8 31
20 9
5 26
15 39
4 22
17 33
3 9
15 9
17 19
16 20
5 14
5 28
9 15
7 24
16 4
15 19
5 18
4 4
17 21
12 31
1 20
17 11
5 34
16 8
12 5
18 31
4 38
14 28
10 33
18 23
6 3
5 28
12 23
9 4
5 25
3 21
10 22
2 14
3 18
8 10
18 6
16 3
18 36
8 26
11 21
1 10
19 26
13 32
7 31
20 27
7 6
13 15
8 22
8 36
8 27
4 5
13 36
5 25
20 32
3 38
6 8
15 18
14 20
5 37
13 9
2 16
15 31
18 38
9 24
18 27
20 38
8 35
