80 40
......#.....................#....#..........#............#......................
..#..#..#...........#..#.....##.#....#.....#.............#.......#......#.......
##..#.#.##...#..................#......#....#......##..#..#...#......#..........
......#.##.......#..#.....#.....#......#....##....##.##...#...#...#....#........
...#............##.............##.....##.......#...#.....#.#.........#.#.#......
...#.##.....#.......#.............#....#.....#..#..###.##.......................
.#....#...#...##........###.......#.##......#....#.#..........#.................
..#...........#..#...#......#....#.......#.##.........#.#.##...............#...#
..............##..#........##......#....##.........###......#.##.#........#.....
.............#.#..........##.......#.#...#...#..#...##.................#..#.#...
.##.....#.#.....#.......###.#....#.#..#..#..#......#.##.............#...#.....#.
......#...#...............#.................#..#.......#..............#....##...
.......#....#................#.#...#....#...#.#.....##....#.#..........#..#.....
..###............##...##.....#..#...#.....................#..#...#...##..#......
#.....##..#.#.##................#...#.......##...###...#.###..#.#..#.....##.....
#...#..#...#..........#..#....#....#...##.#...##....#.....#.........#.......#..#
..##..#.......##........#..........................#........#...#..#.....##..#..
..........#...............#............##.....#..........#.........#......#.....
#...#.............#...............##..#..#....#..#................#.###..#......
......#....###...........................#......#.#..#.....................##.#.
..##..#.................##....#...#..#.......#....#....#.........#....#..#...#..
.....#...#.....#.......#..#......#.........##....#.........#....#............#.#
......#...#.......#..##......##..................###....#......#.........#.....#
...#..#..................#....#..........#.........#...##.##....#...........#...
...#..#.....#..........##.#.......#...............#...............#....#.#...#..
.........#.............#.........#.#..#........#.#.##.#.............#.....#.....
#...##......#...#......#..#....#..#.....#.....##.........##........#.......##.#.
.#.#.#....#........##.......##.........#...#......##....#......##....#.....#....
............................##...#........##....#....#.......#...#...#..........
..###........#..................#.#.#.....#.....#....#.#..#...........#.###...#.
#.#.#.......#...........#..#......#..#.###...#........#.#...........#.#.....#..#
#..#.#.#...#.#.#.......####.....#....#.#...............#...............#..##.#..
.#.................##...#.....#.......##....#................#..#...#......#....
.#..#....##....#......##.#............#..#...#.#...#.#..#...#.#....#...#......##
..##.###......................##...#.#..#.#...#..##....#..#.....#....#........#.
#...#.............#...#...###...#.#..........#...####.......#...................
#......#..#.......#...#......#...#....................#....#...##...............
.....................#....#..#..#..........#........#.............#......##.....
...................#...#.....##..##.......##.....#.#................#....#.#....
.....#.#........#.#...##..##....##....#......##..#.#.#...#..#...#......#.##.....
100
3 36
17 26
10 35
10 32
1 12
7 36
12 28
7 36
19 7
13 31
13 3
10 39
4 6
14 16
7 26
12 40
18 14
4 35
18 29
7 11
6 30
12 31
14 32
16 33
12 37
2 12
2 23
16 1
6 33
16 30
16 20
17 20
6 31
5 28
19 21
5 13
15 31
1 15
17 23
11 29
5 12
10 31
7 39
10 9
15 2
6 14
9 24
8 7
17 34
15 2
2 10
7 17
7 15
17 8
14 16
11 9
1 4
18 32
2 9
19 26
6 3
18 26
10 5
19 19
12 37
7 29
5 8
1 14
1 11
7 7
19 9
18 14
1 38
1 13
13 32
15 20
16 37
9 26
11 14
1 39
2 3
3 13
12 22
10 17
15 29
5 6
3 17
11 15
7 33
1 31
2 8
15 9
4 37
17 32
9 2
9 6
8 17
8 10
18 13
5 3
