80 40
.........#............#...........#....#.......#............#.........#........#
...#..#.......................#.#...#.#..#.....#...............................#
....#.......#...#..........#.............#......#..#...##......##.#...#......#..
...#....#.........#.#...#......#......#......#.............##....#.##..........#
.......#..#.#...........#.....#...........##.#..#.#..#......#............#.#....
..##........#...#....#.........##............#.#............#...................
...................##.......#........................................###.#......
............#.#................#...........#........#...#......#................
.....#.#.....#...#...............#...............#..#..##.#.......#..##....#....
...#.........#..........#..#.........#.#......#..#....#....#...#..##............
.##.........#...........#.##.##....#.........#.............#...#...##.#....#.#..
.............#............##.......#........#..##...##.................###.....#
........#.#.............#.##.......#..##..#..#......#...#...........#.#...#..#..
.#.....#...........#.#..........##............#...#.......#.....#.........#..#..
.#....#.....#.......#.#..#.#........#...................................###.....
..#........#.....#.......#........#................#.........#....#........##.#.
#........#.#..............#..###.#........#........#..##......#..#.#.........#..
............#....##.#........#......................#..#.......#....#......#.###
............#....#..#..#...#............#.....#............#...#...........##...
.#..#.....###.#.......##....#....#....#...#.##...#.......#......#...........##..
..#.....#..#.#...#.....#...#..#.....#......#..#.....#...#..........#.....###....
.........#.#................#......#.#......#......##..#..#.............#......#
.................#...#..#.........#..#..#....##.................##.........#....
.........#..#.......#......#............#...........#..#.#..........#.##........
...#.#.......#.....#...................#........#...#....#............#.#.......
.............#.#..#.#..#..##....#....#...........................#..............
..........#....#.#............#..#....#.#...##..#.................#.............
......#..................................................#.............#.#......
.#...#...#....#...#....#...#........##....#..#..#........##............#........
.#..##..........#.....###.#.#.......#.....##..........#.......#...........##....
..#...#...#......#..#.....#.#....#....#..#..#..#.#.......#.#..#.#..........#...#
.....#.........#..#..#.....#..#..#...#.....#.......##.....#..#......#.##........
.....#.........#.....##.###...#.#...........##.....#...#...#.........#..........
......#..#....#..#......#.....#.....#..#.......##.#.....#...##......#.........#.
........##.......#..##..#.#.....#.#...#.......#..........#......................
............#....#.................#......#..#..........##..........#...#...#...
..#................#...........##.#..#...#..#...##.#........##........##...#.##.
#.#......................#......#.#..............#.....#......###......#..#.....
##......#.#...#........#..###.##.......##.....#..#......#......##....#.#........
...#.....#...#.......#...#...........#.#.........#..........#........#.##.##...#
100
7 7
3 18
11 22
14 1
14 38
17 8
4 14
19 19
2 27
12 21
2 9
6 8
2 12
9 37
15 36
4 8
2 38
4 28
16 28
1 2
14 21
9 38
4 38
18 36
15 31
7 16
7 16
19 35
18 18
15 20
12 33
2 18
13 32
11 10
19 30
2 14
20 29
6 9
6 23
18 16
14 3
15 21
4 30
20 2
10 40
20 29
14 16
14 7
6 22
6 36
10 33
18 33
19 22
10 34
2 7
11 12
4 20
1 39
13 28
20 9
10 19
5 23
12 24
14 3
3 32
14 7
6 32
18 27
2 26
1 23
11 10
8 3
2 25
11 15
1 26
8 13
19 9
4 36
8 12
15 17
9 35
10 38
4 25
16 16
20 29
18 7
8 33
6 3
11 28
14 7
18 27
11 34
3 11
9 26
3 10
3 15
14 35
15 33
10 19
4 12
