80 40
.............##..................#................#......#..#.#.#............#..
...#.........................................###...........#...........#........
..#....................#..#.#............#..#..#....#...................#......#
...#..#...#.#....#...#............#..#....##...##....##...#........##...#....#..
........................#........#..#..#.#.......#..#........................#..
........#..................................#...#.....................#.......#..
#.................#............#.......#............####.##...................#.
.......#..........#.........#..##...#.....#......#...#......#.........##...#..#.
.#....................#..#......#...............#...........#...##..#......#....
#...###........#..##...#....#....#....#.........#..........#......#..........#..
.........#.#...#........#.......##.....#.#....#..#....##...#....#.....##..#.##..
....#......#............................#......#..#......#.#...#.......#........
.........#...........#..#...........#.......#...#...............##........##...#
........#...........#.........#...............#..#.#......###....#....#....##...
..#..#.#....#...#..#...#...........#.#..##...#...#..#..#.#.....#.......#..#.#...
.......#.......##.#........###.....#......#..#....###...........#......#...#..#.
.#.#..##.#...#.....#.......#.....#....#......#.#...........#....#....##.........
....#.#............#..........#....#......###.........#......#......#..#..##.#..
.....#.#..........##..#......#...#.............#......#....#.#.......#....#.....
#.#.#.............###.......#..#.......#......#...#.....##..#..........#..#...#.
......................#....................#.....#..##...##.......#.............
...#.............#..#...#........##.....#.....#...#.#...........#..##..#.....#..
..#.......#.........#....#.....#.......#.......#..#.#.........#.#...##..#......#
#....#.#.......#.#....#.#.#..................#.......#........#.....#.......#.#.
#.#.#................#..##...#..#..#.#.#........#......#.#...#......#..#..#.....
.......................#..#....#..#.....#.........#..........#.....#.##.....##..
........#...#.#.#............#.....#.###..............#....#.#............##..#.
.#.....#.................................#.......#..................#.....#.....
..#......##..#...#..#..#......#...#.#.##..........###...........#.....#....##..#
...#...#...#.............#...#................#..#...#.#....#...#...............
...#..#...##...#......#...#.#.....##..#..#......................................
.#....#..###.......#...#..#.............#.#..#.....#..#........#.......##.#####.
#......#......................#.#.#.......#...........#........#...........#....
.............#..#....##...#...#...#...#.............#....#.....##.#.............
...#.....#....#......#........#.#.............#...#.....#................#..#...
#..#..#..#.##..#.#.##.#.....##..#....#........#..#.....#.#...#.#.#......#...#..#
.....#.......#.......#..##....#...#.................#...#..........#......#....#
......#.............#.##.................................#........#......#...#.#
.........##.#...#...#...#....#.................................#...#.....#......
......##........#.#..##..#..#..............#.....#......#.#.........###.........
100
16 39
14 4
16 33
17 6
15 35
5 32
16 13
15 3
6 12
12 26
15 13
5 4
7 39
3 34
2 19
17 10
5 7
9 37
10 37
10 20
5 25
13 15
4 6
5 8
2 38
4 34
7 9
12 28
7 35
13 7
19 15
3 16
15 25
12 4
2 10
2 18
15 8
15 13
16 16
14 13
16 29
6 3
2 16
8 20
13 20
17 9
18 14
17 35
6 29
16 28
13 37
1 31
11 16
2 9
7 7
5 23
5 13
11 27
11 17
13 40
11 10
8 12
12 18
18 16
20 17
16 31
1 30
17 2
16 38
19 28
15 8
8 26
16 38
19 23
12 31
19 38
9 9
15 25
19 40
9 14
1 23
5 32
1 24
6 4
12 25
9 27
2 6
2 35
3 10
16 8
9 3
7 7
7 1
5 3
17 10
7 13
7 11
3 23
8 6
16 19
