80 40
......#.......#.#....#......#.....#......#.##.........#...#...#.......#.........
#..#......#...#...#...#.....#.................###.......#...#.........#....#....
.......#......#.#......#........#......#...........#.....#.#..#.#...#.##........
...#.......####.........##.....#..........#.##........#..#...#.#..........#...#.
........#...#..##....#....#.........#......#..#........#....###...........#..##.
..##....#..#...#.....#..........##..#####..##......#.#.#..............#...#....#
#...#..#.....#........#......#............#......##..............#..#..#....#...
..##...##..#........#.......#..#............#....#.....##........#...........#..
...#.....##.#..#..###..#..........#.##...###......#...#.#...#.#......#.....#..#.
...............#.......##.#.##.#...#..#............##......#..#.......#....##...
........#....#.....................#.....##.#....#..#...#.....#................#
##.............#......#....#......#.#..#..#....#....#.......##.#...#..#.#.......
..........#....#.....#........#..........#.#.......#...............#......#..#..
..........#....#...#..#....#........#.......#.#.....#..##....###......#..##.....
.##..#.#..##.....#...................#....#..........#..#...#..............#...#
......##.#.##.##..............#.#....#......#..#....#.......#.#.................
...#.........#.#.........#....#........#.........#...##..#.#....#...#.#.........
.......##....#.....#........................#.....#.............##..#.......#...
...#...........##..#.....#.........##.......#...........##.#......##......##.#..
.....##........#..#.#.#..#...#..........##...#............#..#..#..#.....#......
#......#.#..#.....##....#..#....................................##..#.#......#..
...#.........#....#....##............#..#....................#...#...#......#...
....#...#.......#...#..#...#.....#...#...................#....#............#....
.....#........#......#......#...#.......#..#.#.....#.#..........#.#...#.........
..........##.........#...#....#....#.....................##...##.....#..........
....#.#.......#..###..#...............#.#...#....#.........#...##.#..........#.#
#......#...........##.....#..##......#......#...#.......#....#...........#.....#
.##..........#.#.......#.........#.#.........#.......#.#..##......#.....#.......
............#.##.....##.#..#....#.#.......#.....#..........#...####....#....##..
.##.#.#..#......#.....#..##......#....#..##...#...#..#..##.#..#...#.......#.#..#
....#.........#.........#..#........#..#....#......#.........#..#....#..........
..#...##...........#....#.##.......#.............#................#.......#.....
.......#...##....#..#......#..#..####............#........#...............#.....
......##.#...#......#.........#...........#..#...#...#.#.#.....#................
##...........#..#.#...........#......#...............#......##.#....#.#.......#.
....#.....#....#....#........#.....#..#....#..#.....#.............#.............
......#.#.#.....#...........#...#....#..#.#...#.###.....#.....#...#....#.#....#.
#............#.....#....#.#.......#.................#.##..........#...#.....#...
..#..#.....#.##....#..#..........#.#...........#......#....#.................##.
#.###.##.....#....#....##.............#..........#...#..#.#....#.......#........
100
1 19
7 28
4 1
6 28
11 12
9 38
18 1
6 25
18 14
10 20
13 16
8 38
7 8
10 23
2 7
17 1
2 6
18 1
10 9
4 9
18 6
1 3
20 39
15 37
3 40
20 28
11 8
4 35
5 35
17 5
12 37
18 1
12 38
9 3
19 6
2 3
14 28
9 23
19 13
12 40
15 13
9 19
13 29
7 36
17 25
10 29
17 26
5 34
6 17
6 35
9 22
6 30
8 23
17 15
7 1
14 37
3 11
17 34
13 34
6 8
1 36
7 21
18 31
16 15
1 38
2 8
11 26
7 9
16 6
17 6
1 22
7 20
3 37
14 28
3 14
8 22
19 32
10 22
17 11
13 14
4 27
7 39
11 31
2 14
14 8
16 18
4 9
9 5
19 19
1 5
17 27
10 19
4 36
9 36
1 27
3 37
1 30
17 11
11 7
12 27
