80 40
..........#..#.#...........................................#....#.#........#..#.
.....#.......#.....##...#.##.#..##.#.....#.............##.....#.................
..#............................#............##..#...#.#.....#.......#........#..
..#.............##.......#.....##..........#......................#....##.......
..#..#...#.............#..###...#.....#.....................#......#....#.......
.....#...#.##....###........##.#..#...#.#..............#.#.......#..............
....#.#.....#..#....#...#......#...#..#.#........................###..#....##.#.
....#.##..#..##....................#.............#.#.................#........#.
..........#.#....#...........................#.........#..#......#........#.#..#
.#..............#.......#....#..#.......#......#............#.#..#.......##.....
.............#......#..............#.#......##.....#..##......#..###...#......#.
.#..#...#.#....#...............##........#......#.##..##.#.....#...#..#...#.....
.......#..........#....#.........#.......#...####.........#...#......#.....#....
....##.#...........#.......#..#.#.....#..#...#.........###....#.....#.........#.
......#.....#.#...........#........#........#..................#............#...
....#.#.#..............................#.........#.........#.#..##.#..........#.
.#.............#.......#........#.#...#.....#..............#...###......#.##....
....#.........#...#...#..#..............#.....................#.#...#.#...##...#
...............#.........##...#.#..##....#...#......................#...........
......#..##...........#..........#....#.##..........#.#..##..#.............#....
....#............#......#..#.....#...........##..##.......##...#.......#........
...........#..####.........#....#.....#....#....#......#..##..............#.#...
....##.............#.......#......#......#.#.#..#..#..##.........#..#..#........
.......#....#.......##........#........#...#.#..#........#..............#.......
........#.....#...........#..................#....#..#.#...#..........##.#.#...#
..##...#...#..................#..#..........#...........#.....#....#......#.....
..#.............................###...#.#........#.#.......#...#................
.........#...#...#...#...#..##.........#................#..##.#..#.....#........
.#.#.###....#.....##.#.#..............#..#.......##...............#....#.#......
.......#.............#.....#......................#.......#.......#.......##....
#....#..#...#.........#.#.......#........#.#........#...#.............##........
..#.....#..##....#.....................#...#......#.....................#...#..#
#....#............#.#..#...##......#.#.#..........#.#....#.............#....#...
...#...#........#....#..##...........#.................#......#.#.........#.....
.#.#.....#..........#..........................#......#.........#.#.#........#..
......##.........#...........#.....#.##........#........#...............#....#..
...#...#...#...#.......#...................#.....................##..........###
..#......#.#..........####...#..........##..#.....#.#...........#..............#
.........#......#...........#.#...........#..##.............#..#.#....#......##.
............#.........#...#..#...#...........#......#.....#.#.....#.....#...#...
100
3 20
18 16
7 10
13 17
4 25
17 17
3 27
3 4
18 19
16 1
1 6
3 14
19 5
7 27
1 8
12 22
18 24
4 18
5 34
1 2
13 35
3 2
1 34
2 7
11 22
7 2
14 14
10 37
7 29
15 4
13 31
11 3
4 30
17 1
2 34
4 10
15 37
20 22
20 32
15 15
18 27
13 17
5 7
17 21
7 3
6 13
4 30
13 14
20 37
6 16
13 40
17 25
7 30
19 4
6 14
8 31
2 5
16 35
14 20
12 12
18 26
19 37
10 36
8 16
3 11
15 33
11 34
1 24
14 12
10 20
10 25
6 12
9 34
1 12
20 38
17 21
3 29
5 2
12 9
15 1
16 17
4 36
3 13
3 15
20 11
16 7
8 40
2 18
8 37
5 27
19 37
8 33
18 9
4 31
1 38
5 17
8 19
1 18
19 26
5 34
