80 40
.#..#..#.....#...............#..#................#...................#.#........
.....#.#..............#......#.....#....##.......#.#........#...................
##....##..#..............#.......#...........#....................#.#......##..#
.#........#.#..#..##......................................##...#..........#..#..
.....#........#.................#.........#.##...........#..#.......#......#..#.
#........#....#...........#.#......#......#........................##.........#.
.#.....................##.....#.........#.......#.#...#.#.#......#..............
...#....#.......#.....................#...........#........###.#.....#.#..#..#.#
#.....#........#..............#.......#.#..#........#...#..#...#..#..#..........
.#.................#....##....#........................#..#....#.....#.....#....
.......#..........#..#....#.#..#...#.......#......#........#...#....##..#.....#.
.#.....#..............#.......##......##.#....##.#...................#.........#
......#.#............#...#....................#....##..#..#......#.#..##........
....#..............#.#..#....#.......#.....#.#....#.##....#.#....#.##..#........
....##.#....#.....#.............................##..............................
......#........##..##....#..........#......#...#.......#......#....#.#...#....#.
.#.........................#....#..#.#.............#.#...##........#.....##....#
.....#..#.........#..#.####........#......#...........##...#.#.##.....#.#.......
............#...........#.................#.....#....................#..........
....##.........#.#.....#.............................#.........#.......#........
.##......#..........##......#........#.#............#......#.....#.#...#.......#
.......#..#...#..................#...#.......#....##..##......#...#.............
.........#.#..............#...#............#.....#.....#..#.#.................#.
............................#.............#..#..#.#........#...##.#.#...#.....#.
.................##........#.#........##..........##.....#.......#..........#...
...##.#...........#....##..#..##........#.......#..#..#.......#.........#.......
...#...#......#..##..#..#.##...#......#.........#....#......##.....#............
.................#..............#..#.#...........##.....#.......#........##.#...
#.....#.....#.#..#..........#..#............##..............#........#.....#..#.
.............#.......#......#..#...#......#..............#..####.##.............
..#.....##..#.#.....................#...............#......#.........#..........
................#.#...##....#......##......#...#......#....##..#.......#........
#.#.....................#..............#...#..#..#.............##......##.......
..#.##...##.......##........#.............#....####.........#...............##..
............#...#...##....#...##..#...##..#............#......#..#.....#...#....
..#.#..............#..........#..#.#....#.......#....#........#..##....#...#....
.....#.#......#..........#.#..#..#...............##..#.#..#..#.......#........#.
.......#........#..##......#..#........#....#.##.....##...#.#......#...#.#..#..#
.#.........#..#...##..#.........#........##.##.#..#.#.##...#.........#..........
.#.............#......#.#....##...............####.#............#........#......
100
3 21
7 20
2 40
3 33
20 26
13 12
12 28
17 26
7 38
1 21
11 10
7 39
20 30
12 4
1 38
2 28
19 12
6 29
12 1
15 1
18 5
14 24
5 37
8 6
13 23
20 10
9 9
9 24
4 5
1 14
11 9
7 2
13 3
8 20
1 9
8 11
19 22
2 37
2 40
4 25
19 19
1 9
19 35
1 35
13 37
12 23
9 19
17 40
14 10
12 13
19 4
12 24
9 22
16 13
11 37
18 12
4 3
11 15
18 19
11 31
12 23
12 28
12 6
18 24
6 27
6 12
15 21
13 25
16 30
7 33
6 39
4 26
6 6
18 9
8 22
5 1
10 37
18 11
1 38
6 28
3 32
10 33
6 12
14 10
18 7
14 28
12 19
8 32
8 32
8 11
5 24
10 40
2 3
12 16
15 33
2 23
12 15
17 3
19 33
14 11
