80 40
#......##.#..#..........#....#.#...###...#................#.....#..........#....
..........#...........#...#..........#.#.#......##......#....#.....#....#....#..
.......##........#..#......................##..##..##............#...#.....##...
....##.....#..#...#........#.....#.#............#...............#......##.##....
.#.........#....#....#..#..............................#.#......#.....#.#.......
#.......#..#.#...#....#.#.#...#.#...#........#.....##......###.......#....#.....
#........#............#..................#..#....#........##.....#...##........#
.......##...#..#....#.#........#.#....#....#...........##.#...............#....#
.....#.....#.#.........#....#.....#..#.#............#.......#..##.#.............
..#..#......#.......#............#.....##...........#......#..###......#........
.............#..#..#..#...#.##....##.#...#.###...#.........................#..#.
...#..#...#.......#.##.....#..###.##.#..#...#..........##..........#..#.#...##.#
............#................#.#.....#............#.....#.....#.#...#.#...#.....
..#.......#..................#.#.#..........#.......#.##......#...##....#......#
..#.#...##.##..........#......##....#.....#...####........##..#.......#.......#.
...#.......##........#...##.....#..##....#......#....#....#.#...................
...##................#......#...#............#.............#.#...#......##....#.
##..##..#............#...#.....#.##..#..#..........#.#..#..#..#.................
...#.##.#...#..#..............#.......###..#.........#........#.....#...........
.#..#....#...........#...#..#...........##....#......#.##..#...#.#..............
..#.#...............#...#.................#...#.#..#....#.##..........##........
...........####.......#...##.....#.....#........#...#...##.....#..##......#.....
.....##....#............#........#.#....##..#.....##...#.........#........#.....
.........#...............#.#.#..#.........#...........#.......#.................
#.......#.......###........#...#.#.#....#...............##...##.#...##..#......#
.........#.........#...........#.....#.#................................#.......
.....#............................#.#....#.##.#.................##.......##..#..
.......#.##.#.....#.............#..#..##...###..#.....#.#..................##...
.#........#........#............#.#.##...................................##.....
...#....##.....#.................##..#.........#....#.##.#.#..##.#..............
...##.......#.....#.....#...#..#..#.#....#.#...#...............##...#...........
.............##...#.......#....#...##....#...........#......##..#.#.........#...
...#......##......#......#..................##.................#...............#
...#..........................#.......##.#......##....#.............#.#.......#.
...........#..#....##.........#.....##.......#...#.........#...#..#####.......#.
...#.....#......#.#.#............#.....#..#..#....#....#......#...#.....#.......
#....#....##...............#.........#....#.....#..#..#.........................
....#.....##..#....#.#...................#...#........#...#...#.....#...........
..#.......#.................##....#.#....#...#....#..#....#..............#.#....
.#.##.......#..####..#.........##.#..#.....#.....#.........#......##.........#..
100
17 14
5 5
16 13
13 37
7 34
2 14
13 34
15 21
4 38
20 21
3 36
3 29
13 31
2 29
2 35
17 9
17 24
4 16
7 19
14 34
17 3
9 7
19 16
3 20
7 1
14 18
5 24
17 33
15 28
17 29
1 8
1 15
16 22
5 15
17 24
11 25
19 40
15 39
6 22
3 38
20 12
17 10
8 20
1 25
5 37
3 16
13 23
10 8
9 13
14 35
11 1
10 1
11 29
18 31
7 38
1 21
4 22
5 18
8 37
6 20
18 23
19 26
4 22
13 30
18 35
8 38
3 13
19 32
5 26
10 22
10 34
4 38
3 34
18 7
13 8
3 36
20 10
3 17
9 10
7 17
18 20
3 29
16 20
10 11
19 13
8 19
4 33
4 35
4 39
13 17
8 37
5 39
20 12
17 26
12 11
10 33
9 30
15 6
2 13
10 29
