80 40
....##......#..##.#.#.#..........#......#.........##....#........#..#......#.##.
#..##.#...#.##.#........#.........##..#...#.#...#...............#....##.....#...
.#........#.#....#........#........#..#.........#..#........##.............##..#
....##.......#.#.......#...#.........#..#...#...............##........#.#.#.....
#........##..........#.......##.#.....##..#.....#..............#.....#...#......
.....#....##.#....#.....###......#..................................#...........
......#.........#.....#....##....#...##.#...#.#.#...#......##.......#....#......
..#...........#...##..#..#.....................#.#...........#...#.#...#........
.........#.............#....#.....#...........#.....#....#...#.......#..#....##.
.....#............##.............................#.....##.......##..............
.....#...##..#....#.#........##......#..#............#...#....................#.
.......#....#...........#.............#.#............#.#....#.###.#...#......##.
..........#.........#.#..#.........#.....##....##.#.#.....#.........#.#..#......
#.................#..#....#...........#......#....#..##.#....###.#.....#.###....
.#................#.#..........#...#.#........##........#............#..#.......
.#.#...##..........#.................#....#.........#................#..##...#..
......#......#..#.##...........###.##.##......##....##............#.#....#......
........#.................#.#.#.........#...####.....#..#...#....#..#...##..##..
..#.#............................................#...#..........................
...........#..................#.#.#.....#.....##..#.#.....##............#.......
...#.................#...#......#....##................#...#............#.....#.
.......#..........#.....#.#...........#.......#.#.#.........#...........#.#.....
.#.#.#......##.........#.....##..................#..........#..#................
.#...#...........#.........##...#..............##.......#......#..#.........##.#
..##..#..#...............#.#.#...........#......................##..............
#...#.......#.#......#........#.....#..#..#..............#.......##.#..#........
#........#....#...............#.........#.........#..#.........#.#...#.#.#.#....
.........#.......###.#.......#...#..............................................
...#.#....###..........#.#..#......#..........#.....#...#.#..........#..........
....#.#.....#...........#...#..............##....#......##...........###........
.............#..#..##..............#.............#....#..##.....#.....#.........
....#..................#..#....#...#....#...#.........#........###.....#........
...#.......#.#.....#............#.#.#..........#..............###.....##.....#..
....#..#.##.#.#...#.....#.##.#..#........##.........#.........#...........#.....
......#...#..#..............#..##..........#............#....#.........#.#.####.
.#...........#..............................#...#........#....#..........#.#....
.#........##.........#.......#..........#...#.....#...#.......#..#.......#......
.#....#...........#...#.#......#......##.......#.#.....###..........#......#....
........#.........#...#..##.#......##.#...#.##..#..........##.#....##...........
...#....#..####....#................#.#.......#..#...#......#.#.#.......#......#
100
16 15
10 19
11 13
1 2
19 26
5 14
6 36
17 23
16 12
17 30
14 30
8 30
10 12
6 15
17 9
8 34
16 18
2 17
3 20
17 29
2 1
2 31
5 34
1 34
12 21
6 1
15 5
18 30
15 37
10 8
16 28
15 7
14 12
15 31
11 19
1 21
9 4
12 9
2 17
14 1
18 9
17 37
6 35
10 34
17 18
19 2
16 36
18 1
3 23
17 26
12 4
4 40
15 19
15 8
20 4
1 20
16 22
2 7
20 40
1 22
7 40
1 16
6 10
10 38
9 3
16 6
1 27
1 13
3 18
4 23
1 29
6 5
7 27
18 31
13 12
1 29
3 29
1 28
20 24
10 12
7 12
2 23
10 15
11 28
14 39
13 37
2 22
9 39
7 17
18 28
11 6
5 34
18 16
7 30
20 24
2 4
2 4
15 11
1 39
5 23
