80 40
.....#.......#......#....#.....#.#...#....#..#..#.#.#......#...........#........
..#................#.#.#..#...........#.#.............................#.#..#....
...#..##..###...........#.#....#...#......................#....#.#####.....#.#.#
......#......#.#......#.....#..#.#...#.....#..#...........#.......#.......#...#.
#......#.............#....#...#...#...#.#.............#...#.#.#............#....
..##.......#.....#.#.....#.....#.#..............#.........###....#......#.......
......#.....##.#.#...#......#....#...........#.....#.......#.......#.....#......
.........#....#......#........#....#..#...............#..#..#............#..#..#
...#..#.....#..#........#.....#.#............#.....#.#...#..........#...........
......#...........#..#.....#.#.##.....#..#.#...#.....#...........#.....#........
#.........#......#...............#...#...............................#...#......
.........#..#.......#.....##.....#...#................#............#..##.#..#.#.
....#..#.#..................##......#..#..#.#...........#.....................#.
...#....##..#..#...##.....#.#...............#......##..#........#.#.............
............#...................#...........##..##...#.......#...#..............
##....##................#..#....#...#........#..###....#........#.....#..#......
...#..#.........#..............#......#..#.#........#......#...#...#.......#.#..
#.##.#.........#.............##.......#.##..#..................#...#...........#
..........#...#.##.#......#.......##.....#...................#.........#...###..
.......#......#..#.##..#.....#.........###...#........#......#..#.............#.
..........#.#..........##....##.##.#.#..#.##.....##...#..#....................#.
.............#......#.....#..#.....#....#......#...##...........#....#......#...
........................#......#....#....#...#.........#........##..............
#..##.......#.....#....#..........#...................#.##.............###......
#.#...##........#..............#...#...#..#..........#....#.......#.........#..#
...........#.......#...............................#..............#.........#...
..#...#.......#..#....#...............##....#.............#.....................
.##......#.....#.#............#.#.....#...#...#...#..........#...#....#.#.......
...#........#..#.#...#..........................#..#....#.................#.....
..#.#.#......#.#....#......#.........##........###..............#............#..
......#........#.#.........#.......................#.........##.....#.....#.....
..##.#.........#.#.....................#.#..#......#............................
.......##.......#..#......##...............#..#..................#..........#...
....#.##................#.....#.......#........#...........##...##.#.......##..#
##............#.#....##.......#.......#.............................#......#..#.
.................#.#.......#.....#..#.....#.............####..##..#..#......#...
..........................#.##.......#..##............#..#....#..#.....#...#...#
......#.....#........####..#..............................#...#........#...#....
.....#............#..#......##.....................#..#.##.#..#..#......##..#.##
........##....##...#.......###.........#........###.....##...#.#.#......#......#
100
10 27
11 40
5 16
9 4
3 6
14 36
12 5
5 29
4 9
3 40
15 35
8 13
7 9
16 35
19 11
14 39
2 36
19 34
5 34
5 40
11 18
12 20
10 19
11 8
18 7
7 39
11 33
9 6
5 31
10 27
5 38
10 8
15 20
13 26
3 31
2 31
2 4
4 16
20 38
17 33
8 8
7 25
16 9
6 36
19 5
12 24
5 22
16 7
20 29
18 12
1 12
1 26
18 4
3 31
9 39
16 30
14 30
8 34
9 3
4 5
3 34
8 3
16 25
9 32
20 5
11 25
11 38
20 40
17 5
17 6
5 35
18 17
3 1
11 23
4 23
19 7
16 21
1 5
10 32
2 12
20 3
1 14
16 26
8 16
10 5
5 30
4 9
12 35
4 28
8 40
5 22
16 15
6 32
4 10
15 9
3 2
6 20
2 35
5 24
11 16
