80 40
.##..#.....#.#.#..#......#....#.....................#....#.........#............
#.....#..#...#.#..#......#...#.#...#..#.##....##.####...........................
.#.#................#..........#..#.##...#.....#.....#...#...........#..........
....##....#......................#.##........#......#......#........#....#......
.#....#............#....#..........#.#..##....#.........##...#...#.......#.....#
.#.#.......#.............#..#...........#.........#.#...........................
.###........###....#.....#.##..#.##...#.#..........##.#.....#.........#.#.......
..##.........#.......#..#..#..#..#.##.....##......##.#.#..#...#...#...#...#.....
........#....##......#.....#........##...............#...#......................
.##..#...............#..........#.....................#......#.#.#....#.....#...
..#...#.#...........#.#.#..#...#.#...#..#....................###...............#
........#........#......#......#.#...#.#........#................#...........##.
.#..................#...............#.#...#....##......#.#..##..................
..............##....#.....##..#.....#......#...#.#...................#.......#.#
..##.............#.#.#.#....#.#.#..#..........#.....#..#.#......###..#..........
....#...#.#..................#......#....#.........#......#...#.............#...
.......###....#..##...#.#..#.....#........#........#.....#....#....##.#.........
..........#..........#.#..#.........##......#.............#........##....#......
....##.........##...#........##..............#.#...................#....#.##.#..
#.......#.............#..#..................#..........##........#..............
....#.#.....##..#...........#....................#......#................#....#.
..##......##.....#......#.................#.#...#....#..#....#.#.#......#.###...
#..#..............#......##......#.#...............................##.#.#..#....
#......#.....#...........#.......###..#......#.........#..........#.#....#...#..
.#............##.............##...#....#..#....#...#.......#.................#..
..#.#.................##..#...............#.#.....#..##...#..........##.........
......#..#...##..###..##...#.....#........#.........###........#................
##.............#...#..###................#.....#.#...#........#...........#..#.#
......###.........#..........#.........#............#........#................#.
.#....#.....#.#..................#.......#..................#.....#.#....#......
....####......##..#..........#..#.#...#...........#...##.#.#.......#............
.#..........#....#.........#........#.....##..#..#...#.........#........#....#..
..........#.#....###....#.......#.#...#........#..#..#..........#....#.......#..
.........#.........#.......#...........#....#...###.#.....#.......#...#.........
.....#..##.......##.###..#...#.#..#.#......#....................#..##...........
..#.....#.........#.#.............#....#..........#....#..#.#........#.......##.
.#..................................###.##..#............#..........#...........
...#..............#..........#....#..#..#........#.#.#....#.....##.#............
....#......#........#.....#..##.#..............#.....#...............#..........
#....#......#..........#...#.......#................#..............#....#.#..#..
100
4 25
6 34
8 36
16 17
5 16
8 2
10 1
7 26
17 19
16 26
9 25
14 29
2 37
7 28
6 40
9 6
3 8
2 33
6 37
6 32
13 15
18 9
9 15
8 25
20 27
2 4
20 27
17 2
17 35
3 13
8 30
6 20
6 8
8 18
4 13
8 23
2 16
1 11
16 7
7 35
19 36
10 24
3 33
17 10
7 7
6 19
10 12
18 10
8 25
14 27
12 23
20 18
3 34
9 8
9 3
2 3
10 7
14 24
15 12
10 8
1 9
6 8
2 36
1 24
2 11
3 24
14 36
20 9
7 37
9 33
9 1
13 9
19 28
7 33
3 30
11 30
12 18
1 24
3 34
17 25
10 15
10 7
8 33
10 8
18 19
4 32
7 8
12 36
9 12
20 39
18 33
12 4
9 23
18 32
5 40
8 31
2 21
4 8
10 26
2 6
