80 40
..................#......#....#.##..#..#.#.#.....###......#.#..............##...
.#.##....##...................#...#...#..#...#....#..........#.........##.....##
............#...#.........#..#.#......#...........#.#..#.###....#.##....#..#....
.#...#.........##..........#.............#...#......#.............#....##..#..#.
.....#.#................#.............#...#.............#..##...............#...
##..#.##.....##..#.#.#.#....##.......#........#.....##.....#.#...#..#..#...#....
.....#......#......#........#........#.#.............#....#.............#......#
...#.......#.........#..#.........#....##......................##.#.#.........#.
.#.##....#.........##..#...#.....................#..........#......#............
......#...........#....#.....#.........##............##.......#.#........#....#.
....##.........#..........#.#..........#.......#....##...............##.......#.
.#.....#......#.#............###....#..##.....#..............#.##...........#.##
......#..........##.................#..........#....#....#.......#..#...#..#....
....##.......##......#...##......#.............#...#......#.#....#..............
..#.........#..#.........#.#...........#.....#.............#....#.#..........#..
...........#...#....#....#.....#.#..........#....#..#......#.........##....#....
.......#..#...#.........#........#...#...........###.#.....#..#.#........#..#...
#..........#....#..#...#.......#..##..#.....#....#....#.........................
.......#........#...#...........#.....#.............#.......#........#.#.....#..
..................#.#..##....#.#.............#....#.....#.#.........#...........
....#....#......#..#.........#.....#......#...##..#..#.##...#.................#.
...#.............#.......#...#...#..............#.............#.........#......#
.............#.......##.......#......#.......#.#.#...........#.....#.#.......#..
.###.#.#.........#..#.......#........#...#..#...##..#.#.##.....#................
............#....#.....####....#....#.#.......#.........####....#...#.....#.....
#.......#..........##..#..##...#.....#......##.##...........#....#.#.###........
....##....#..#...#......#......#......#..#...#...##..#......##.#....#....#.##...
.....#...........#.................#....##..##..#...#............##....####....#
.##.....#.................###.........#.#...#...#.......#......#...#...##.......
................##..........##..#....#..#........##....#...#..........#.........
.#..#....#.#.............#......#..........#......##...#................#.......
.......#..........#..#........#..#....#....#.#.....#......#.##..................
.#.....#......#..........#...#....#....#..#.......#....##..#.#....#..........#..
...........#......#.#####..................#.#........#...........#.#...........
...#......................#.........###..#.................#...#................
..........#..#.##....##............#......##..###.........##....................
..............#.#.....#....#..##............#....#......#...#..........#........
......#....#..................#......#...#.....#.....##..#......#..#...#........
.........................####.#...#...##.........##.......#...#......#....#..##.
..#...#..##....#.........##...#.#....#...........#....##......................##
100
15 11
6 16
7 16
3 27
19 36
19 28
7 4
20 7
18 12
20 15
4 19
7 4
13 33
15 1
14 17
17 11
4 31
8 34
20 17
10 15
19 19
17 30
6 15
11 26
11 26
19 6
12 15
8 2
19 15
20 7
4 4
1 17
8 32
4 20
1 37
12 18
7 19
8 14
20 32
1 8
18 3
9 34
15 21
12 19
5 25
20 7
17 37
9 32
13 12
6 8
14 37
12 20
9 1
14 12
11 22
6 2
20 25
20 11
1 2
20 38
13 7
6 8
14 18
18 5
19 15
9 30
9 33
11 15
16 1
12 18
17 25
10 32
12 20
18 18
18 26
19 7
19 17
2 30
15 36
2 40
16 34
14 30
4 11
10 39
5 10
9 24
4 2
19 30
3 29
10 25
18 40
3 7
9 10
4 9
16 22
16 25
12 23
11 9
19 10
10 16
