80 40
#..........##.#.#.........#........#.......#.............#....##..#.#.......#..#
...#.....#..........#..#....#...#............#....#..........#..................
...#.#...............#.....#...........#............................#...#...#...
...........#.....#.........#.....#....#....#..#..#...............#..............
.#......#.....#....................#......#...#.....#....#........##........##.#
............#............#..#..##..........#.#................#...........#...##
.........#.............#....###........#.####...#..#.#...#....................#.
#.......##...#............#...##..#..#...........#.....##........##.#..#.....#..
........................##.#.....................#..#..#...#....#....#.#.....#..
...#..#....#.###............#..#........##...#..#........#..#......#.#.......##.
.....##.#..#...#.##..#.#.....#..#..#..#......#...#.......#.....#....#..#........
......##.........###...#.................#.......###....#.....#.............##..
......#......#.......#....##..#...#.........#..##.....#....#...........#......#.
......................................#..........#......#.........#.##.........#
......#..#........#....#....................#...#..#.........#..#...#...........
..#.#..............#...##..##.....................##.....#...........#....#.#...
...#........#.#....#.#.........#..#.##...#.#..#...........#...#..#.....#...#.#..
..........#...................#.....#...........##....#............##...#....#.#
....#...#........#...#....#....................#..#..........#........#......#..
.#..................#........#..................................#......#..#.....
#...#..#..#....#...#.....#..#....#...............#....#....#..##...#...#..#.....
.....#.....#..................#.............#.......#........#....#....#....#...
...........#...#.....#..#..##.#.#...#.#....#.#.....#.#......##............#.....
..#....#...#..#.........#..........#.#..............#...............#..####...#.
......#.............#..#...#....#....#..........#......#.#...#...#.#.......#..##
...##............##.#..............#.......###............#............#........
......#....#....#....#..##..##.#.###......#....###..#..#...#..................#.
#........#...#.......#...............#...##.#..#......#.....#....##..........#..
..###.#..#..#...#..#.......#...#..##..#..#...........#..........#........#.....#
....#.......#...................#............................#....##...#.....#..
...#.#...##.........##....#.#...#.......#..#.#..................#........###....
.........#...#......###......#....#......#.......#......#..#.......##...........
..#.....#.#......#......#..........#.............#.#...#.....#.....###...#......
..#........#................#....#.##.....#.........#.........#..#..............
.#..........#.#......#.#........#.......#...........##...#.......#.......#......
.#......#.#..#...........#........#................#........#....#.#...........#
.#.....#.#.#..#........#......#.#..#.....#..#.#......#...#........#.............
#..#.........#.#....##................#...........#.#..............##..#.....#..
.......#........#....#..#........#..#.....##...#...#...........#.....##.........
##.............##.....##....#........#......#......#......................#..#.#
100
8 8
18 14
20 34
11 2
19 8
19 38
3 26
6 36
4 6
20 5
7 35
14 30
2 22
3 28
15 31
16 18
15 37
19 9
10 25
20 10
1 11
7 4
4 3
14 9
14 23
16 27
3 13
12 38
10 21
8 6
11 23
8 31
7 25
9 9
20 32
18 37
2 8
10 16
19 5
12 27
1 15
18 5
6 8
8 39
20 29
14 12
10 13
20 29
18 31
4 1
15 10
2 36
19 1
1 2
14 6
4 16
9 22
9 8
13 5
10 4
7 9
5 33
7 11
7 7
7 22
20 22
15 14
2 33
2 9
12 40
18 9
3 11
1 8
9 13
4 5
2 24
15 36
9 29
14 18
20 5
6 29
8 23
17 18
3 4
19 17
13 2
20 33
2 40
13 26
10 8
7 33
17 37
18 9
6 5
16 23
15 6
2 17
14 22
12 4
17 40
