80 40
.......##.#........#...#.##.#..#....#..........#.......##........#....#.........
#...........#.#.#.#.........#.....................#.....................#.#.....
.....#..............#...#......................#..#.....#..#.......#.#......###.
......#........#....#....#.......#.#.#..#..#..#.....#.#..#...##.......#.....#...
#....................#.........#...#....#..##.#..#..............................
........#........................#...#....#....#..#.......#..........#.####.....
....#...........#.........#...##............#......#..#........#.......#...#....
.#....#.#....#.............#............#...............#..#...##............##.
..........#......#....#.#.....##........#............#.......##.#..#.#.#........
................#........#..#................#.......#.....#........#......#....
......#....#..#.................#.....##...#....#..##....#...##.................
.#..##.......#...........#.#.#.........#..........#..#...#.....................#
...##........#...........##..#.............#.#.....##.#...###.#.......#.........
...##....#.#....#...........###....#..#.#.........##...#.......#..#.............
.#...#......#..............#......#.........#...#.......#...#...................
.......................#...........##........##.............#..#........#.#..##.
....#................#...#.....#..#........#....#.#.#.....#..................#..
.....#..................................#..#..#........#.......#...#..##.......#
.......#....#.....##.####..#.#.#.##...##..#........#.#......#............#.....#
.#...##..#.#.....#.................#.....#.#..##..........#...##.......#....#...
#.....#.#.....................#.....##......#.......#...........#....#......#..#
..#.#...#...#.....#....#.................#..........#.#..........#...#..........
..........##..#...#..#..##..#.#............#.#.#.#.....#...#...#.#..........#...
.##.....##..........##..##............................#.................#...#.#.
...........##......#...#.....#....#..##..#.............#.......................#
...........#...##..............................#........#....#.........#........
..#.......#..#............#...#..##.........#..#........................#..#.#..
..#...#.#.....#..#......##..............#.....##.#...........#...#..#...........
......##.......##..##.#....#......#.#...#.......#......................#........
...#.................#.........#.#.................#.....#..#........#..........
.......##........................#.......#..#.##.............#..............##..
..#...#..##..........#......#.....#.#.##..#.........#....#............###.....#.
...#..........#......#................#..#.##....##...#.#...#...................
#...........##.................#....#...............#.........#.#.#.#.....#...#.
#......####.#.#.#.....#.....#.......##....#...........#...#.#......#.......#....
......#.#......#.......#..........#...#....#.....#.......#...#.......#..#.......
...#..#........#.....#..........#.##...#......####............#.##..#.......#.##
...#.....##.#...#......#.##...##.........#...#...#.......................#.#....
.............#.........#..#.....#...#......##....#..#......##.....#..#..........
..........#.#.....#.......#.........#..#..#...............#...##.#..............
100
17 20
13 22
16 40
18 11
18 8
16 35
3 36
3 7
5 17
4 6
12 1
12 38
15 4
6 5
13 16
13 8
16 32
14 26
11 36
6 30
16 25
17 26
20 22
8 34
1 14
6 5
9 21
14 20
16 9
20 13
16 23
19 27
5 31
6 1
10 25
14 24
14 21
14 33
6 32
12 10
10 2
9 30
20 10
16 36
15 31
7 9
8 35
18 35
11 32
8 16
20 22
7 21
8 26
4 24
18 36
4 17
11 16
10 37
11 22
13 24
11 27
7 34
6 3
12 37
1 29
19 9
20 35
5 12
2 5
2 2
20 14
15 2
19 2
14 12
15 8
6 33
3 32
12 10
17 22
20 22
3 27
14 40
15 7
7 15
18 31
19 34
14 19
8 29
18 20
1 31
7 19
20 22
1 38
19 30
15 18
19 31
11 9
6 29
14 10
3 21
