80 40
....#.##..#................#......#.##...#.........#...#.................#.....#
.#...........#......#.....#.....................#....#.#........................
#..##...##.........#.....#....#......#..#..............#..........###.#....#....
...................#.............................#....#.......#.#..##.........#.
...........................#...#..#....................##.......#.#...#....#....
...#.......#..#..#..#.....#.#.......#...#.......#..........#...#....#...........
.##..#.......#..#.#.......#.........#...#....#.#.........#......##..........#.#.
.#.#..........#.................#.......#.#.#...#.#.........#......#..........#.
..#.....#.#..#.#..#.#....................##.#..##...#..........#................
.........#.........#.......#...#..#...................#..................#......
..#..#.#.....#.......#..#.#...#..#.....#.................#..#...#........#..#...
..#..#.##..#...#................#..........##.....#..............#..#..........#
.....#....#................#..............#....#..........##.....###........#.#.
#......#.......#..#..#.#...........#.....#...##.............#....#.........#....
#....#.#..#..................#............#...........#......#.#.........###.#..
.....#................#..............#...#...#..................................
..#..#.........#..##.#.#........#........#.#.#.........#....##...##......#...#..
#.......#...........##.....#..................#......#.....#......##............
#..#........#......#............#.#.......##..#.....##....#...#..#..#.....#.....
.....#...##.#...#..##...##..#....##..#...#..#..##......#.#..##.#.......#...#....
###....#...#......#.#......#......#..........##......##..##.###........#.#.#....
......#...#....##.....#.......#.....###..#........#....#....#............#......
...............#.....#.#...#...........#...#......#..........#..................
...#..........##.....##....#.......#.......#..###.....#..#......#...#...........
....#.......##............#..#.#....#.........#........#....#...#.#.............
..#.#.#...#........#.#....#..........#...#.....#....#...........#...............
#....#....#..#........#..#.#....#..............#.#.#..#.............#...........
......##..#...........#....#.......#.#....#.#.#.......#.......#..........#......
#.#.#......#....#..........#...............#....##............#.................
....................#.......#..............#........#.#......#...###.....#....##
...##..........#..................................#.................#........#..
##......#..##....###.#..........#..............#.##..........#.##.#..#...#......
##.....................#.##..........#..................#.....#.##....#.#...##..
...........#.#...........#.##..#........#..#...#..#.........#.....#.#........#.#
.#...#.....................#.#...........#..........##.............#......#.#...
#...#.............#...##....#.....#.#....##.#.#....#......#........#.....#......
#...#.................#.....##..............#..........#...#..#.###.#...........
....#........#...............#............#...........#...#.....#.....#.........
........#................#.....#....##.#..#...##..#..........#.....#......#.#.#.
.....####...##...............#........##..............#.#.............##....#...
100
1 12
16 30
3 13
16 15
19 40
15 11
19 23
2 18
1 36
4 5
14 24
4 16
17 1
18 37
2 3
12 3
1 26
10 37
20 17
1 1
11 14
8 30
13 38
18 39
9 4
4 17
6 2
8 30
14 8
8 30
3 37
19 38
14 39
5 2
2 26
19 5
18 2
12 24
6 3
12 18
4 33
19 4
12 35
17 16
12 8
3 12
19 28
11 36
20 27
20 21
19 23
15 4
12 29
8 15
16 20
6 35
13 17
8 20
18 10
12 32
13 17
14 12
13 30
17 10
2 7
17 6
6 13
8 4
8 8
1 22
7 29
3 16
15 16
8 36
6 3
8 5
8 36
3 12
12 14
1 30
17 10
14 8
2 29
13 25
15 30
13 15
2 23
10 2
15 12
11 33
16 37
4 27
8 30
1 37
19 2
18 18
6 3
8 17
5 34
9 25
