80 40
#..#.#....#..###........#.......#..#.......#.....#............#.....#.#..#.#....
...##..####..........#.#........##............................#.#...............
..#.#.............#.........#.....#...................#.....#......#.......#....
...#..................#.#......#.#.....##.....#...............##.#......##......
..........#..#.#.......#...##.....#...#........##...#.............#.............
.....#..#........#..#......#....#...###..............#...............#..#...#...
........#......#....#....#............................#...#.#...................
..#.......#.........#...###.............#.#..........#...#.#....#.....##...#...#
#......#...#.....#..#..............#..#.#......#.##..#.#.......#................
....#..#.....#.#......#..#...#..#.......#...#............#.#.....#..#.##........
.....###............#......................#....#...#...#.#........#......##..#.
.#...........##.#.###.#.......##......##..#.##.................##.....##...#....
...#..#..........#.#....##.....#...#......#........#.##....#.........#..........
.......#......##...#..........#.##.........#....#........#...........#..........
..........#................#...#....#.#..#.........##......#.#.......###........
....#....###......#........#....#.#...#..#.......#...#.....#..................#.
.#.............#........#....#.#.##..#........#..#....##.....#............#...#.
#...##.....................#......#.....#......#.......#.#.#.#..#...#..#........
#.....#.##.#.....##...........#....#....##..#..............#.#......#...#.......
.....#..#.....##..#........#.......###.............#.#.###.##..#...#.....#....#.
###.....##......#.......#.#.#.#...##....#..........#.#.....##...................
#.....##.......#..##..##..............#....#.........#......#....#......#.......
...#....#.......#..#..............##.#.....#.....##......#...#..........#.......
##...#..#....#.#...........##......#..##...#.....##...................#....#....
.......#......#.#.##...........#.............#.##..#.#...............#..........
#....#....#............#.#.....#.........#.#.......#.#..#........#.....#........
.........##....#....................#......#...##...#......#..#.............#...
........#......#.....###.....#.#.........#.....#.#...#...##...#.................
......#..#.........#..#......#........#.............##.................#..#.#...
.......................#..#.#..#..................#.#......#.................#..
.#.....#.#.#.........#.........#....#...#..##..........#...#.#.##...##..##....#.
............#...........#.#......#..#.......#.##.....#.....#....#.......#.......
...#.#.#.......#.#.........#..#.......#.#............#..#..#....#........#...#.#
...#.....#....##..........#....#.......#.....#.......###...#......#......#...#..
.#..##.#.........##..........#............#.#.#...#..#..#..##..........#........
...#.#...##..........#.....#....#....#.......##.......#..#.......#..........#.##
.......#........#.#..........#...............##.#..#....##...#......#...##......
..##....#..#.#.....#.#.............#............................................
..........##.......#.#....#......................#.......#....#......#..#.#.....
.............#..........##..##...##....#..#..#....#..........#...##..#..........
100
9 17
13 22
11 9
7 28
15 18
17 37
8 16
19 22
6 30
18 28
17 8
13 3
3 25
7 25
8 22
14 23
20 28
10 19
19 32
4 14
20 26
14 5
2 12
20 37
7 12
11 3
15 25
1 29
5 2
11 29
10 34
19 15
5 2
14 38
3 4
17 23
20 37
20 3
20 36
12 16
14 20
16 31
1 39
17 3
10 28
20 19
16 16
4 34
6 27
7 24
9 14
20 18
10 24
6 25
18 10
17 27
5 21
11 1
2 20
14 20
10 31
3 17
17 19
16 29
19 8
18 3
9 8
15 27
7 18
14 22
18 33
18 11
3 19
20 21
14 15
5 19
19 25
2 15
6 32
19 8
8 21
8 22
4 33
4 1
10 17
13 6
14 39
8 21
8 40
13 35
16 28
4 22
12 13
9 24
8 37
4 29
15 22
11 12
4 36
14 20
