80 40
#..#...........#....##...#..#..#...#........#..##.#.#......#................#...
....#.........#.##..#.......#....#.#..#.##..###..##...#.....#...#..#............
....#.#.#.#....##..#.....#.....#.....#...#...........................#..#..#....
......#...###................#....#..##..........#.#.#..#.........#..#...#...#.#
........#...#.......#....................................##...............#.....
.##...#.........##.#.#..#........................#..........#.....#....#...#....
...............#....##.........#........#.....#...#..#.................#........
.#.....#..##.#................#..#...#.....#...#......#......#....#.......#.....
.#..#..........#....#.......#.#..#............##............##...#..#...#.......
........#.....#.#.........#...###....#..#..........................#..#.#.#..#.#
.#.#............#.#.#.##..........#..##.##...#...#......#....##.................
.....#...#.........#...##..#......#....#.....#........#...........#..........##.
..#.......#..........#........................#.#........##.........#......#....
#.......#.........#....#..#..........#......###..............##......#.......#..
#.#........#............#.......................#...................#...........
..........#....#.....#...........#..#...#.#....#................#.##.#..........
......#...#.....#....##..##.#.#.................#......#.....................#..
#........#....#...#...#......#.........#............#...#....#.##.#.#...#.......
.......................##......#...............#..#...........#................#
...#...#...........#..#.........###.....#...#...#..#..........#........#........
.....##......#..#...#......#....#....#..#....##.....##..#.#...........#..#......
#...##.....##................#.....#.................#.....#..#..##....##.....#.
...##....#...#.........#...#...#.#...#....#...#....#.................#..........
...#..........#.##.....................#.....................#....#..#..#.....#.
.#...........#...#....#..............#..#.............###.#.#.###.....##....#.#.
..##...#....#......#.#....#...#..####..#...........#...#...#...........#.###..##
..#.#.#.............#.....##....#.....#...#...#..#...........................#..
............#...#.......#.....#.#..#..........#.......................#.....#...
.###.#.............##.....#..#...#......#...#.##.#.#............................
................#...##.........#.........##...#..#.#..............#.....##.#....
............#...................#...#......#...........##.##....##.##.........#.
.#...........#.#..#..........#........##....................#............#.....#
#...##.........#..#.....#............#....#......#.#...#..#...#...#..#...#..#...
....#...#...............#.....#...................#........#..#......#...#......
...............#.....#...###...#..#..........................#.....###.....#..#.
......#.##....#.##....##......#.......#..#...##.##..#.#......#....###...........
.....#......#...............#................#...................#.......#.....#
....................#.#.....##.#.#.##....................#...........#..........
..#.......#..#..#....#.....#......#..............#..........#....#.......#.....#
.#.......#..#............##.........................#.....#................#..#.
100
14 1
6 13
6 30
8 36
15 23
8 20
20 22
8 30
19 29
11 4
8 7
11 19
17 22
11 12
5 19
3 2
4 22
14 25
9 9
13 27
6 26
8 33
9 24
6 29
14 14
5 38
7 10
4 7
7 11
18 7
6 39
13 13
1 32
15 40
4 22
11 23
18 25
16 38
11 39
19 23
1 6
5 22
11 4
6 11
3 6
10 4
17 13
4 7
8 20
4 8
15 13
18 10
1 37
20 19
3 25
10 1
20 20
18 15
5 6
7 7
12 39
1 14
4 13
7 40
10 1
1 5
16 4
11 37
3 27
10 31
10 13
6 10
20 30
9 36
12 16
8 10
7 3
3 19
6 7
9 40
14 29
6 33
10 4
20 30
13 39
18 10
16 30
20 38
5 1
4 27
13 40
13 1
11 4
4 35
11 1
6 35
19 19
14 21
11 31
18 18
