80 40
.#........#....#.#.#................................#..#........#.##...........#
........#.##.....#..#..##.##...............#........#......#...#..#..........#.#
........#.....#.#..#......#...##.......#.......#.#...#..##..#.........#.......#.
...#.........#.#.........##............##.............#...#.....#........#.#....
#....#................##...........##.......#..#..............#...#......#......
..##....#.#.......#..........#...................#.....#....#..##..#.#..........
.#..#....................#...#..........#..#....#.##..##.............##........#
....#...#.............#.................##.....#..............#...#........#...#
#.##....................#.......#.#.#..#...#..#..........#...##..#.........#....
..#............#.#........#...#.#.#....#.....#...##.#....##.............#.#.#...
#......##....##....#........#.##..................#..............#......#......#
##...#..##......#...#.#..##.......#.#.........#.#..#.....#........##.........#..
.............#........#..#....#.#......#.....#......#.......#..#.........#..###.
.......#........#........#.#..#.......#...#..#...#.......#..#....#.........#.#..
#..#.......#..............#....#..#.....#..#.#.#......#.....#.............#.#...
....#...................#........#.##...#.................#...#................#
...#.............#....#.##.......#........#..#...#..#.....#........#...#...#...#
#.....#.......#.#.#....#........#......#.........#........#.#..#.....#.#........
...#.#..#............#....#.#.......##.#.#..#.#..##...............#........#....
......#..........#.....##......#...........#......#......#.#..#...............#.
...##..##........#..#.........#....#..............#.........#.#...........#.....
..............##.#....#...#....#...#.#.#...#.......#......#............#........
...#.#....##.#.#.......##...#.......#...#....#......#....#.#...#....#........#..
.#......#.#.........#.#.#......#..#..#......................##...........#......
..........#...#....#........#.....#.#....#.......#.##.##.....#..................
........#.........#........#.....#...###.#....#..#.##............#.#.#..##......
...#.#.......#.........#...#....##....#.......#......#....#.....##..#...#.#...#.
.......#.#...................#...#...#..#####...#.#..#....#..#.#.#.....#....##.#
.........##.#.#...................#......#..................#....#.##...........
...........#.##........##........##..#...#...............#...#.#......#.........
..##......#....#..#...........#.....#...#......................#.....##...#....#
..#........#..#.#..#........#.#........##.................#.#.#............#....
....##.......#..##.........#......#.................#..................#........
.#..........................##...#.....#.#......#......................#..#.....
...##.#.......#.......#...........................................#.#....###.##.
..#.....#.......#.#.#..........#.......#....#.#..#......#..#..............#.....
...........#.............#.......#...#..#.....##..#...#.#.#...#.....#.....#..#..
..#....#.##..#...#.........#......#.##.....#..#.............#.#.##.......#.##...
............#...................##..#............#....#......#..#........#....#.
#....#.##..........##......#..##..........#.....#........#..................#..#
100
8 29
5 27
10 4
5 16
6 10
13 19
15 32
16 24
1 20
10 31
15 30
15 13
11 26
7 13
9 3
18 17
20 25
4 31
10 32
18 38
5 1
15 8
13 24
2 38
13 29
1 7
6 32
1 5
17 13
19 9
5 34
5 29
10 36
13 6
20 37
19 28
15 11
18 6
16 23
18 13
11 11
19 37
6 37
5 27
19 23
11 5
13 18
4 32
4 6
13 10
4 21
19 33
10 6
8 29
5 36
16 7
19 38
9 36
7 6
4 18
18 5
7 11
17 38
8 21
15 6
15 39
20 20
17 7
18 19
10 23
13 13
6 20
9 23
18 39
7 3
4 13
18 16
4 27
5 5
8 33
17 31
13 9
3 29
2 28
2 7
2 16
2 10
11 12
15 31
5 19
13 35
20 33
3 7
11 27
18 28
20 4
14 29
6 15
20 32
18 11
