80 40
........#.........##...#.#...#.............#......................#...#.#.....#.
#.....#....#...#.#.....#...##......#.......#..#.......#........#...#.........#.#
.#....#..............#.#............#..................#..........#.........##.#
..#.....#................##...#.#..#.#.....#..#.............##.#.#....#......#.#
....#.....#..####................#.#.#......#.....##....##..##...#.#...#.......#
.#.#..#...............#..##...#..#....#.......#.....#.#.#....###....#...........
.......#.........#.....#....#..#..#...#.........#......#.......##.##.........##.
........##......#...#....#.###....#.............#.#........#......#..##.#..#....
.......#...#....##...........#........#.##......#.#......#..........#..........#
...............#...#...........#...........#...#...........#..................#.
..#..#.#....#........#...#.#......#.#####.#.#..#...#....#......#...#.#...#..#...
.....#.#.......#......#...#...#..#.....#.........##...#.............#...........
.##.....#........#..##.........##.#....#.....#.#...#....#.....#.....###.........
#......#.#...#................#............#......#........##......#............
..#.#.#...#....#...............................#...#.....#...........###........
...#...#.....#................#..........#...............#...#...#.#.....##.....
.....#.....#....##...#.........#..............#....#.#....#.#...#.......#.......
.#....#.....#.......###......##....#..............##.#......##...#..#.....#.....
...........#.......#.........##......#####..#................#...#...#..#...#...
..#.........#...#.............#......###.....#....#..#.................#........
#.......##..#...........#..##.#..#.#..#..#....#....#.....#.....#...#............
#........##........#.#........#........#......#..#.......................##.....
##....##...#...##..#....#.#............##.#.....#.#..#........#...............#.
....#..........#..#..#...#.#................#..#..#..#..###.#...........#.......
#.#...................#..#...##.#..............#.........#.#..#.........#.......
............#....#.....#......#........#....##.#.......#...###...#.#....#..#....
....#..#...#..#.........#..#...#...#...#..#..##.............#..#................
..#.#.....#.........#...#..#.........#....#.....#....#...#.#.....#..............
.......#.....#.....#............#....#....................#.....#...#.....#.....
.#..................#....#..##...#...........#.....#........##..#........#......
...#......#..........#.##.....#..#..........##....#..............#.#.........#..
..#.#..........#.#........#........#..#...#....#.............#..##............#.
...#...........#.#...#...........#..#...#.......##.......#......#....#......#...
.......#.##..#..#......................##.....#......#.......##.....####...##...
..........#..#......#.....#...#....#......#.#......###.##.............#.#.......
..#....#......##..#............#.....................#........#..#.....#......#.
....##.#.......#...............................##....##...#..#..#........#..#...
....#..#.##....##.....#..........#..........#....#...##.........#........##..#..
.......#..................#.......#......................#.......##........#....
.#...................#.....#.......#.#...........##..........#....#......#...##.
100
11 28
1 6
19 15
15 20
1 3
6 23
17 25
6 28
16 19
8 36
17 19
18 30
15 9
5 7
2 32
4 35
17 35
3 37
5 15
18 37
7 16
14 15
8 38
19 18
2 22
17 11
20 4
3 20
9 10
16 12
12 22
8 21
13 19
18 3
13 1
15 17
6 6
16 37
13 28
14 12
20 1
16 29
12 6
17 8
19 18
9 27
8 14
3 7
14 36
5 36
1 2
10 36
3 29
8 35
14 19
5 33
20 28
13 25
6 40
15 18
2 22
1 1
5 31
11 26
14 21
5 7
14 39
6 14
4 10
4 37
14 35
18 3
17 33
20 23
8 15
14 9
12 20
9 31
20 21
16 7
15 18
7 24
10 37
9 19
6 25
6 36
12 3
9 28
5 2
14 9
18 9
19 8
11 16
19 11
18 4
6 20
3 15
19 14
12 4
8 11
