80 40
.....#.....#.........#......#...#..#...#.#...##....#..............#..........##.
.....###.....#..#.#..........#.#....#.##..............#.....#...#..##.#.#.....#.
.......#..#.............#...........#.....#....#.#..#.....#.....#...............
..#....#.#..........#...............#.#........##.....##.#......#.#.......#.....
..........#..........#......#....#.##.##...........#....##..#..................#
..........##.......#....#.........#.....#.....#..#......#.....#....#....#...#.#.
....#.##...........................###....#.#.#............#......#..#......#...
............#........#...##........#......##.......#.#...#..........##........#.
....#......#...........#..#..............................#..#......#............
#.......#...................#..#..........#.........##..##........#.#....#...#..
..........#...#.#........##.#.......###...#..........#...........#...#....#.#.#.
.##.......#.......#..#...#..####........#.#....#....#.....#...#.............##..
#.............#.##..........#........................#.............#.#.##......#
......................#..#..#...................##....###........#..##..........
.....#..#.........#....#...##..#..#..##....##.......#...................#......#
...#.....#.....##...#....#..#.........##...##....#...............#...#.........#
#.#........##......#...................#..#..#..#.......#............##......##.
............................##......#.#...#...............#.........#...#.......
.............#.....#................##........##...........#.#.....##....#.....#
.........#..#....#.....#...........#....#...#......##..........#.#..#.#...#.....
......#..##...........#.......#...............................#..#.....#........
..#...#.#...#.#.#............##..#....#...#.#..............#.......#....##.#....
.#....##.#..#.#......#...............#...........#........#......#..#..........#
..#..#..#....#...#...#...#.....##...........#....#...##........#.....#........#.
#.#..#.#..........##....#............#.......................#.#...........##...
#........#...#....##............#..#.#.......###.#.....#........#..#............
.#.........#.......#.#.........#..........#......###...................#........
...#.....#........#.##...##........#....##.........#....#.....#.....#....#......
.#.#...#..##.#..#...................#.............##..##.....#....#..#........#.
.#........#.#.#.....##...##........#................#.....#....#.#...#........#.
.##....#.........##....#...........#....#......#.#.......#.............###...#..
....#.....#......#..........................#...##.........#...........#....#..#
#..#........#........#.........................#..#.............................
....#....#.....#...#..#.....#..#.....#..##.....#..#####..#........#.##....###...
..........#.....#..........#...........##.........#..........#..#..##...#......#
..#.#.......#............#.#............#.##......##...#...#...##.............#.
............#..#.....#..#.#.....#.....#...............#..#.......#..#...........
....#.....#.#....................#....#.........#.....#....#...####.....#......#
..#.#..............#..................##...#......#.#..............#...#.#......
.#.......##..#..#..#.....#...##............#.#.#...###.##...#.........##......#.
100
5 23
10 15
18 5
14 27
13 14
10 27
9 31
15 2
13 10
20 20
11 21
12 29
11 30
8 39
2 5
19 22
11 4
3 15
5 40
9 16
5 28
4 29
16 26
8 24
10 29
4 22
11 29
13 3
13 21
13 26
18 31
18 3
11 30
16 37
17 34
18 35
16 13
13 13
19 5
3 29
13 4
16 2
9 30
8 1
12 20
7 13
19 31
17 30
18 35
1 11
11 25
16 18
19 11
17 34
4 20
5 36
4 14
3 40
13 24
16 29
13 29
12 39
20 21
6 11
6 20
13 22
16 2
16 4
1 16
16 18
4 35
5 39
9 26
9 22
18 24
9 13
16 27
17 32
6 20
16 23
7 25
17 34
12 17
1 8
14 24
6 27
18 16
13 36
14 19
5 32
3 9
16 25
8 37
8 39
11 14
16 7
14 6
8 33
13 16
8 19
