80 40
..........#.#.#....#...##.#.#..#..#.........#..#...............#.##..#.......#..
....#..#.#............#........#..#.#.#.#..#........#..##.........#........####.
..#...........................#.#.###....#..........#.#..............#.##.......
.#..#...##.#.#........#...#.#..#....##......................#..##.......#.......
#.##.#.......................#.#..#..#..##.....#.#.............#.#.#.#.........#
......#......#....#....#............#......#..#...#..#.#......#.#...#........#..
..#...#.................#...#..........#..#.#....#........#..#....#....#..#.....
..##...........#.#...#.##.#.............#............#....#.#......#..##........
....#..###......#..#...........#....#........#.......#..#..#........#.##........
...#...........#..#......#....##...........#.#..#.#.....#......##.#.#...#.......
....#.#.#....#...#......#.........#...##....#....##......#....#.#.#...###.#.....
....#.##.....................#.#.#.....#.......#..#...#...........#..#......#.#.
...##................#.............#.......##.....#..............#...##.#..#....
.#.....#.#..#.#......#...#.....#..........##................#.............##..#.
..............#..#....#......#.#.....#..#.....#........#..#....#......##..#...#.
.........#..#.#.............##.....#...##..........................###.#........
#...##......#........#...#..#....####..#........#..##.....#.......#.#...........
.#.#..........#......####...............#...#..#.#........#...........#..#.#...#
...#..........##.....##........#...#.##......#....#.......#........#....#....#..
.....#................###...#.#.##.#........................#.....##...........#
..........#...................#.#..........#............#.##.........##....#....
......###.......#..................#.......#............#.#....#.##..#..#...###.
.....#.#..............#...#.......................####...#..#......#...#...#....
..#......#..#.......##........#.#.#....#.#..#.....#.................#..#........
.#.#.#...........#.#........#...#........#...........#......##...##.#.....#.#...
..#......#.....#..........#...........#.#..#.......#.#.###........#....#.##..#..
.....................................#.......#.#...#.....#.#..............#....#
#........##...........................#....#..........#.##....#........#...#.#..
.#..##..........#...#.......#...#...........##...#..#....#....####...#.#.......#
......................#.....###..#..#.......###............##..#......##....#...
...#.................#.............#..#..#.................##.#...##.....#....#.
...#....#.....##.......#..............#.#.#...........#..#...............#..#..#
.....#.................##...#..#.....#....#..##.....##..##...#...#..........#...
.....#.......#.#......#....#........#.#...#.....#.......#...#.#....#.#....#..##.
......#.................................#...##.#........#...#...#...............
..##..#..........#................#..##.....#...#.#.#.#........#................
..........#.......#...#..............#.#.##..#.........#.............#..........
.......#...................#..###....##........#..#.......#.##....#......#.##.##
##.#.....................#.#..#.........#.....#.#.........#.....#...##..........
.......#.....#............#.....#.......................#...........##..........
100
11 21
1 9
10 26
11 7
20 14
2 4
15 28
6 27
13 22
2 19
12 23
15 2
17 37
12 36
8 34
13 9
17 29
6 34
2 36
13 31
14 33
3 5
17 33
20 16
12 23
9 26
19 32
20 26
1 32
7 16
2 40
1 33
14 16
15 3
15 25
5 14
11 5
13 28
20 37
9 27
18 30
7 4
19 19
3 11
17 29
1 38
20 26
6 18
3 9
15 7
4 21
9 18
14 38
13 36
2 21
19 26
1 13
19 4
20 22
14 38
11 11
7 17
20 20
14 35
7 6
14 12
13 3
18 4
18 18
1 20
20 7
3 2
3 23
15 16
6 15
3 33
17 31
5 24
8 33
13 2
9 20
10 37
10 20
18 21
10 19
19 8
17 32
1 12
11 39
15 28
8 10
6 31
17 19
11 39
13 1
16 10
20 39
15 37
16 33
3 24
