80 40
..........#..##.......................#.........#............#..................
........#.......#....#....##.#.##.##.#.#.#.###............#.........##....##...#
...#.....#...#.#....#....#.#...#....#.....#.......#....#.#.....##.........##....
....#.#...##......#.....#.....#...#...........#..#.......#.........##..#........
#..............................#..#.......##..#.......##.........#......#....##.
.......###.#.#....#..#.###.....##..###...#..#.###........................#...#..
.#..#...........#...........#.##..##.#........#....#.....#.....#................
......#.........#..............#...#.#.....#...............#.#.............#....
.......................#...............#.......#..##.#...........#.............#
..#......#.............#..#...#...#...#..#.....................###.....#....#...
......#..#...#................#...........#...#..........#..................#.#.
#...#......#...#...........#..#.#.#.###........#.....##................#...#....
........###..#........#.#..........##..#.......#..#..#.......#....##......#..#..
.........#.........#.#.......#..#.....#....#...#..#...................##....#...
........#.##............#................#...##.#......#.......#..##.##..#..#...
#...##........#....#...#.##..........#...##........#......###...#..#..........#.
..#..#..#.............#............#.....#....#...#...........#..#......#.#.....
..............#.....##..#.#.##.....#.......#.....##.#.#.......#.....#.....#..#..
.#..#.....#.......#........##........#..#...##.....#.....#...##.......#........#
...#..##...........#.......#.#..#......##....#..#....#...#...#.##......#.#.....#
.............#............#..#.....#.....#...........##.#.#.....................
...........#..#..#..............#...#............#....#..#....#....##........#..
#.............#...#.#...........#.#........###.......#...............##.........
.#..#...#...............#......#...#..................##.....#.#......#.....#...
...#.............#.#......#...#......#.....#.............#........#..#....#..#..
#.#........#.....#.............#...#..............#...#...#............#.#.#....
..#..#...##...#...#.##.....##.###.......##..........................#...........
.#...........#..#............##.............##....#..#...#.......#.....#........
..#.....#.........#.#.#.....#.#......#.....##...##..#.........#.........#....#..
#.##...##.#.......#.....#.##....###..#.....#...#........#...........#........#..
.#...#.....#........#..#.#..##.........#......#..#...........#...#........#.....
...##....#................#.##.#..#....#..#...#..#.......#.......#....#.......#.
.#....#......#..........###..#.......#..#.........##......##.........####.......
.#..###...........###....#.......#......##.#.#...#...##...............#.#..#....
..#.#...##.##...........#.##.....#.....#..........................#.............
........#.....#...#....#...#....#.........#.....#.......#.......#.#....##...#...
..#.........##..........#..#...#......#.#......#...#..#.#........#.....#......#.
..............#.....#...#..............##....#........#.#.#..#....#..#.....#...#
#.#.#.....#..............#...#..#.#....#...#...........#..#.#....#...#.#....##.#
..#.#...............#.....#.#...#.........##.............#.#.......#...........#
100
18 22
7 37
12 33
15 32
17 6
2 4
4 21
3 26
4 10
17 28
4 38
3 17
4 26
11 31
2 18
12 7
2 23
14 5
20 27
10 31
19 3
8 40
16 20
15 35
15 34
1 3
11 13
15 16
20 38
7 38
15 25
19 28
4 3
15 36
18 2
17 40
18 39
18 6
14 20
17 38
6 24
7 29
15 11
7 2
2 32
17 38
15 2
7 9
8 6
5 6
16 40
6 30
18 35
12 19
17 34
13 24
19 29
6 37
18 10
3 7
7 29
14 4
5 12
6 22
7 25
8 35
10 19
17 2
8 32
10 31
11 26
2 33
8 10
20 36
12 7
20 12
1 9
16 18
4 24
12 36
20 34
15 24
15 28
5 15
15 7
5 15
5 28
1 12
2 20
20 11
10 35
4 40
7 19
18 19
15 15
11 11
7 6
18 34
5 16
10 6
