80 40
...#.#.##...#..#......##.......................##....#.##....#..#.....#.....##..
...............#..............#........#......##.....###.#....#...#..#.......#.#
..#.........#....#...............#..#.........#............#.#......##...#......
.......................#...............#......#...#..#.........#.....#....#.#...
.#..#......#..........#........................#.........#.....#................
..#.#.#................#.#...........#....#......#.............#.........#......
..#......#...#..#.......#.##..##.......#...#............#...............#......#
.#.#.#.#.#.......#..........#.....##...#......#.#.......#........#.#........#...
..........#....#....................#....#....#....#....#...#........#....#.....
..#.......#..#................#..#............................#...#.............
..............#.................................#.................#..#..........
.....#.....#..#.........#.....#.#.....#...#...........#..#......................
.......#.....#.#....#...#...##..#...........................#..........#......#.
.....#...#..#.#......##...#...#.................#....#......#..##..###.#........
.##.##.....#......#.............#.....##.##.#.##.#..#...#.....#....#......#.....
...............#.....#..#.......#..#..#..........#..................#........#..
.............###....#.#....###..##.#.............#............##...#............
...........#......#.............#.#......#...#................#.........##.....#
#...##.......##....#.........##.........#.#.................#..#......#.#.#.....
...#...#...........##....#.....#...#.....#.....#....#..#....##....#...#....#....
#.....#..##..........#.#..#.....#.....#......................#...#........#.....
.##........#.....#..#.#....#...#..##...................#......#.................
..#..........#....#.............##....#.........................#......#........
................#.........##....#........#...........#..#...............#.......
###.....#....#.........##..............#............##....#...###..#........#...
......................#........##....#.#.....................##..#...#......###.
.#........#.....#....................#........#.#...........#....#..............
...#..#....#........#...#.##.............#......#....#.....#........#..##...#...
#......#.##..........#................................###......#..............#.
......#..#...#.#.##...........#..........#....#.........#......#.....#.........#
.......#.#.#.................#...........#...........#...#.....#..##.....#..#..#
....#...#..#....#........#...............#..........#.....#....#...#..##......#.
..#................#..##..#..#..#..#....#....##..............##......#..........
..##.#...#.###....#........#...........#...........................##..#......#.
....#.#..#....#..#..#.##....#............#.....##....#.......#...#....##........
.#......#.##.........................#..#.#....#......##....#...............##..
..#..........#..................#....#.#..#.#........#....#....#.........###...#
...............#.###....#............#.....#...##..............#......#...#.....
..#.#..#.......#..#.#.#.........#....##......#....#..##.........................
.####.#......#......#.........#.##.........#...................#....#...........
100
1 8
11 19
18 13
15 35
1 37
14 28
18 17
7 35
2 23
18 32
20 3
7 37
13 36
19 33
2 31
5 21
1 30
9 33
17 2
7 9
10 13
19 36
3 21
19 26
12 39
17 37
16 32
1 1
8 30
6 34
19 8
7 20
10 37
10 10
9 26
8 15
15 32
3 8
12 8
18 6
2 34
4 12
8 33
6 15
16 12
13 20
1 6
14 36
10 12
8 28
5 5
2 29
14 38
1 32
11 35
18 6
9 17
6 5
14 7
5 12
3 29
5 10
20 23
11 27
12 21
6 19
20 7
12 13
15 27
2 38
4 2
1 21
18 36
1 7
16 22
4 33
17 1
18 17
5 35
18 5
4 24
11 33
18 9
17 4
1 5
15 7
14 2
4 22
20 9
13 4
11 16
11 10
6 24
13 6
12 20
14 35
14 13
19 23
1 21
7 23
