80 40
#....###...##...#..#....#...........##.#.#.#.........#.....#....#.......#.......
...........#....#......#...................#...............................#....
...............#........#......#......#.##..#.....#.#..#.#.....#................
..............#....#...#.........#..........#......................#..#.......#.
....##..#...............#..#.#......#.......#......#.#.#......#..#...##......#..
....#...................##..#......#.........#.....#.......#......#........#....
##.........#......#..#.#.#.......#....#.........#.#.#.......#...#.......#.......
..#.#...#..#.##...#....##.#.....#...#.#.......##....#.#..#..........#...#..#..##
...##....#..................#.#....#....#.........#.#.#.........................
#....##..............#.....................#.##....#..#.#..............#........
.#.#......##..##......#....#........#.#.#.............#.#..##.#..#..............
...............#....#.............#......#....#...##................#........#..
.......#...##.....#...##............#....#..........#.....#.............#.#.....
......#.....#....#....##.#..#......##..#.#....#.#.#..#............#.#..........#
#..#..............#...#.##...#......#...##......................#.#....##......#
.......................#..............#...#.................#............#.#.#..
..............#..#.....#..........#..##....#.........#.........#...#..#.........
.........#........#.#.....#...#.#..#..###.....#.....#......#...#..##.....#...#..
...........#....#...#.###....###..#........#..#..#...#........#.................
............#..#.#...........#.....##....#.#.#..#....#................#...##....
.#...#...#.#.#....#.##.....#....#...#....##......#...........##..##..#.#.##.....
...#.........#........#....#.........#.##........#..........#.#.#...#.#...##....
...#......................#...#...#.#.#........#......#....#....##....#.........
..........#.#.#.................#...........#..#..#.#.#....#...#..#......###...#
.....#..#..........#.......#...##...#....#.......#.....#.....#.............##..#
......#......#.#.#......#...#.....#.....................#............#.......#..
..#....##.....#...............#...#.#....#...#..#...#.....#......##.............
#...#.....................#........###..........#.......#....#......#.........#.
.......##...#.##.......#.....................#...........#.##..#....#.#...#.....
.#.#.##..#.......#.......#..##.......#..###..#.#...................#....#.......
...#...###...###.....#......#.......#........#.......#...#.......#.............#
..#.....##.....#.....#.......#............#.............#..#......#.........#.#.
#.#...#......#.......#..#....##...#.......#...............#..#....#.#.#.#....#..
#.....#..#..............##..#.......#..#...#.#...#..#.....#........#.#..........
......#...#............#...#.............#......##...#......#..####....#..##....
......#.......#.##......#...#...#......#.#.....#.#..........#.#......###........
....#..#...##..#...#....#..#......#.......##.#.#....#......#......#...........#.
.#...............#..#...#....................#.....#..#....#.....##...#.#.......
..........#..#..........#.#...#..#............................#....#.#........#.
.###.......#.....#.##.......#...#.#.....#.............#..#.......#........#...#.
100
19 40
9 22
2 11
15 37
19 6
13 32
7 1
18 23
10 30
2 8
12 22
13 13
5 4
17 14
6 15
8 11
1 24
7 32
5 39
9 6
18 23
10 33
1 24
15 5
6 20
1 38
11 18
19 31
19 39
15 17
17 9
9 36
18 18
19 19
2 26
4 38
5 16
20 14
6 29
9 23
11 20
18 15
4 6
4 32
7 12
12 26
14 32
1 9
14 23
17 5
10 33
1 9
7 38
10 38
16 37
12 32
11 16
17 34
9 29
13 3
4 32
5 6
19 22
13 27
13 7
1 31
16 31
13 22
2 16
19 24
7 31
7 28
19 5
18 12
8 26
15 1
12 24
17 2
11 32
17 33
15 33
12 15
3 34
9 7
17 17
5 19
14 35
7 3
16 2
2 34
9 22
20 29
6 4
17 1
15 22
5 39
12 27
11 20
1 6
14 13
