80 40
.#.....#.#.#.#.#.#.......#.#...#.#........#........##.....#....#.......#........
...................#.......#.#.#..#...#.........##...#..#.#........##.#.........
...........##........#..#..............####.....#...#................#.#......#.
........##......#....#..#........#...#.#...##.......##...............#.#........
#..###....#.#......##..........#.#....................#.#........#..............
....#...#.....####.....#........#.#..........#...#.............#.#...........###
....#.....................#.#...#....#...#.........#..........##..#.#...........
...............##.......#.....#.............##..............##..#.#........#..##
......#...........#.............................#...#....#...#..#.#........#....
.#....#.....#..........#...#..............#....###...##...................#..#..
#.....#.......#......##.....#...#..#.....#.........#..##....#..#.#..............
.#.#.#.....#..##...#........#.##.#......##............#....#.#......#..##...#..#
......###.....#.....#......#....#.#...##...#.................#.........#...##...
..#...#.#.#.........#.............#...#........#.#...........##..............###
#...#.#...#.#.....#....#....#...........#.......#.....................##..#.....
.##.......................#..........#.....#......#...........#.#.........#....#
..#..........###......#.........#....##..#.#.#...#....#......###.............#..
#..........#...............#.#..............................................##..
.#....#.....#...##......#................#...............................##.....
#...#...#....#.....................#....##.....#.....#.#..#................#....
#...#....................#.........#.#...#.#...#.#........#..#...##.............
.#..#....#.....#......#.........#.......#.#....#..#....##.......###....#....###.
......#......#.........#....#..#.#..#..#........#...#...........................
..#.....#.#....##....##..#....##........#....#.#...#.........................#.#
..##......#...#.#.##....#..#...#.#..#......#.#........##.......#.....#....#.#.#.
.................................#..........##.......#....##....#........#......
.##...........#.....#......#....#....#..#...#.##......#..#.....#.#.#.##.....#...
#.##.....###..#....#......#..#....#..........#......#.#.....##....#.#........#..
..#.##.................##.................#.....#.#.....#.......#......##..#....
.........##....#.......#...........#.....#................#...#..#....#..#......
....#..#....#.....#.........#.##..........#..#...........#...........#..........
................#.........#...#...........#.#......#.#...#......#..##....#......
..#..###...#..#....#.#.......#..#......#.#....#.........................###.....
....#......................#.##..#...#..#.........#....#..#........#............
...#..#.......................#..##.............#.....#.........#............#.#
...............#.....#.#.......#...#.........#......#...........................
.#..#......#......##............#.....#.#.......#........#......#.........#.##..
...#..#...#.........#..........#..#.#..#......#.....##.###.##..#....###..#......
.........#..................#....#...#.........###.....#....................#...
....##...#......................###..##.....#.....#................#..#.....#..#
100
16 12
4 22
7 17
17 21
14 30
20 22
13 39
15 26
3 2
15 34
19 20
3 26
9 27
2 20
17 19
9 33
9 6
20 34
13 5
12 34
14 28
1 32
4 4
15 14
7 25
8 33
2 22
6 14
20 24
4 15
14 35
5 23
14 25
16 31
3 31
12 2
13 14
1 11
3 6
20 15
16 6
16 31
8 36
6 40
1 18
20 19
6 9
20 28
18 31
5 24
19 19
13 21
9 14
8 18
16 32
20 25
5 36
2 23
12 4
2 36
12 22
10 17
18 30
15 36
1 24
19 36
6 3
15 10
10 14
15 12
7 9
4 1
12 29
12 3
19 14
8 28
3 25
7 14
13 26
14 23
4 22
20 24
19 22
9 24
4 35
12 22
13 5
2 25
11 13
2 24
1 12
17 37
17 17
12 30
1 14
19 18
3 12
19 1
13 10
12 39
