80 40
#.....#................#.#...#.....#..#...#.............#............#..........
.......#...#.#.##.#....#.....#...#.#........#...#.....#.....##..............#...
......#......#...#.....#........#..................#....#.........##.....#...#..
...#.###...........#.##......###...........#...#....#.#....#.....#........##..#.
..........#....#......##...............#.#.........#...#.#......#......#........
..##.....#.........##....#...............#......##.##....#..#.#..#....#.........
........##.#........#................#..#.#.#......#...........#...#.....#......
.....#..#.....##...............#....#...........#......#..#...###.....#.........
..#.#.#...#....#........#............#.........#.......#....#.....#.###.......#.
.......#......#.....#...#..........#....#......#..........#..#....#...#.........
....#.#....#.#...........###......#......#........#...#....#...........#....#...
.#...................#...##.##....##.........##.......#.#.....#.........#.##...#
..#......#...#.............#.#.#.....#.............#..##..##......#.............
##...#........#..#...............#..#............#.##...##..##.##...............
..#.....#.....#.#.##...............#...........#....#....#....#.#.........#..#..
........#........#.#.#..........#.......#..................#.....#.........#....
.........................#..#......#..#..#............#..#......#.##............
....#.#...........#...#..#......#...........##......#...............#...#......#
.##..#.............#..#.....#.#.......###...#.....#..........##.....#..#........
........................#...............#...#...#..#....#.....#.......#.#....#..
.##..........#...........#......................#.........#...#..##..#..........
...#....#..#..#.......#.....##.#...#.........#...##..#......#...#......##....#..
.........#.......###.....#....#.#..#...#..##..###....#.#.###.......##..#........
.......#.....#..#.##..#.........#......#.........#..#.........#.........#..#....
.#...............#....##........#.#..#...........#.......#.....#.#..............
...##.#..............#.....#..........#.##.#.#..........#...#.#.##.......#..#...
#..##...............#.#.............###..#...#...#..............#...............
.##.........#........#......#....#.......#.............#...#...........#.#...#..
#............#...#.........#.....#........##...#...##..#....#.#.#.....#.....##.#
..........................#.#.......................#..#....#........##.........
...#........#..................#.#..#..#.......#..............#....#....#...#...
#....#....##.........#...........#.......#........#...............#....#......#.
.....#....####...#.......#..##...........##.........................#..#.##..##.
....#.#..#..#.#...#.#.#...###...#....##..#....#...........#.....................
#..............#..#...#.#..#.#.###....#.........##.#........#..#.#....#....#....
#................#..............................#..#..#..#..#....##...#....#..##
#..#........#......##.#..........##......#......#..............#....##.....#....
#.......#............#........#...#.........#.#...#...................#.........
....#....#...###............#.....#...............#..#...#...#..#.#......##.....
.#.....#......#..............#..........#......#.....#.....#......#.#.....#....#
100
9 19
7 36
11 8
19 37
4 11
19 38
3 15
7 8
3 30
14 16
14 19
3 5
6 31
11 35
11 27
9 3
5 38
4 36
20 21
2 23
10 4
7 27
17 36
4 39
15 12
2 8
18 9
2 7
12 5
12 12
20 23
13 22
20 15
14 24
5 33
20 32
9 31
15 30
15 20
13 11
8 12
1 23
1 5
12 35
5 30
20 29
10 40
18 3
17 35
12 1
15 7
17 31
19 38
14 32
11 15
20 13
20 18
18 14
19 10
16 10
8 24
3 30
6 25
10 28
12 22
1 17
13 22
5 11
15 19
10 32
10 1
11 29
17 31
13 34
15 14
10 9
19 21
5 20
16 14
15 32
19 12
14 38
3 31
12 1
3 39
14 26
14 29
7 27
9 6
19 39
8 25
16 23
5 22
12 33
7 14
5 11
19 14
9 28
8 28
1 5
