80 40
....#..........#....###....................##.....#..#.........#.....#......#...
#.....#...#.#....#...#......#....#.#............#...#.....#......#...#.#...#....
.#......###....##........#....###.#..........................#.......#.....##...
#.#..###........#...#......#....###..#..#........#...#....#....#...#........#..#
...#....#....#............#............#...#...##.##.....................#..#.#.
......#..#......#....#.#...#.#..#.........#.#......##.#....................#...#
.#.....#............................#..............#.....#......#..#...#.#......
##.#...#...........#.........#.............#..#......##.##....#.#......#..#.#..#
.......#..#.#.###..#...##...#.#.#.......#..#.......#.........#..##.......#..#...
.....#.....#...##.......#....#......#.....#......#........#.....#...#......#....
.#.......#...........#............#.......#..............#....#.....#........#..
...................##.........###.........#....#....#.#.#..#.........#...#......
...#.#...........##.......#......#...#.##...#..#.........#...#......#........#..
..#.....#..#.............#....#..#.#......#........#.#........##...#.........#..
...#........##...#..........##...............#...###..#..#....#..........##.....
.........###.......#...##....#..#.#.........................##.........#......#.
.....#..##.....#.#..#...........................#...................#.#..#.#....
.#.......##......#........................................#..#..##.#....#......#
...................#..#............#............#......#..#.#.........#...#....#
...#...##....#......#.......##..#..............##.#.#........#........#.#..#....
......#........##...........#...#......#.......#.#.#.......................#....
..#...........##.......#..##.#..#....#........#.#.....#.##...........#..........
......#.........#..##.....#........................#.....#....#...##............
.............#..###..............#.#.#.........##..#..#........#..#.....#.#.#...
#........#..............#...#.....#..#...#...##..#..##.#.#..##...#...........#..
...........#....#....#..............#..##....#......#................###........
......##......#.....#...#...#...................#.#......#...#........#.......##
.#.#..#....#........................#........#.......#........#.........##...#..
.................#...#........#..........#....#....................#............
......#......##.##...#......##.........#....#.#.............#..#................
.............#..................#.....................#....#...#.....#..........
....#.#.....#........#.................#...#.......#.......#.....#...#.#.....#..
#....#..#.#.#.......#.#...............#.......#.###..#...#.#........##..........
....#.#........#..#.#........###......###......#.#....#..........##........#....
............#...#....#........................#........#........#.............#.
.....##.....#..#.#........#..........................#.##........##.....#.......
.........#.........#..........#.....................#...#......#................
#......#.....#....#.#..#.#.#.....#..#.#.#.............#..................#......
........##.....#.............#.....#..#.......#....#.........#.#.#..........#...
.#.....#...#.#.###...#.#...#..#...#...#.....#.##.#......................#.......
100
5 19
9 39
19 5
4 33
2 27
13 1
14 8
20 7
6 29
5 11
20 24
3 5
2 16
9 30
12 36
11 34
12 6
1 7
3 13
1 35
15 3
15 32
20 33
7 7
14 30
10 3
20 12
13 36
3 13
13 18
9 4
13 5
13 33
14 29
1 24
4 4
6 3
19 10
7 17
20 1
1 2
10 35
20 13
20 26
2 5
15 23
11 27
15 17
15 1
19 39
20 14
10 24
19 19
18 19
14 22
11 14
17 2
8 19
4 16
5 17
6 22
20 19
3 4
11 1
3 17
15 5
7 3
4 11
10 20
5 5
12 21
5 18
13 5
3 12
2 16
18 15
17 24
5 2
17 9
15 29
18 20
16 20
17 13
16 16
15 33
2 17
16 2
19 24
20 40
19 6
7 33
4 10
6 10
14 25
2 12
2 19
6 29
15 15
4 36
1 1
