80 40
...........#.#..#...#.#..#....###...............#..#...............#..........#.
........#........#.#....#.........##..........#.................................
.#......#....#.#.......#....#..#..........#...#...#............#.......#.....#.#
...........#..#...............#.......#...............#...........#....#........
...#....#...............###.......#....#...##..........#.......#.........#.....#
.#..#......###.##.#...#........#....#...#.#.#.......##.##.##...........#.#......
.....#.....##...#...........#..#.##...#......#............#......#....#.........
...................#................#.##...#...#..##..................#...#.....
....#..#.....#.....#...##...#.....#.......................#.#..#.#.#.......#.#..
#.#.##.......#.....................#....#.#.....#...#.....#..#....##.####.......
...#...#........#......#.....#.......#.#........................................
............#.......#...#...#.....#.....#......#...#.............#.........##...
......#.#.........#..#....#......#......#.............#.....#.#..........#.#....
#..#...........#.......#...##.......#.......#...............#.#....##...........
..#..#..............#..#..#.....#....#.#.......#......#.............#..#..#.#.#.
#...#....#....#...........#...............#..#.#..............##.............#..
##....#.............#..#..#........#.............##..#..#......##...#....#.#...#
#..#.......#......#..#.........................#.#...................##.#.....#.
...#..#..........#...........#.........#...#.#.#.....#...#.......#............#.
........#.........##......#............#...##........#...#.#.#....#....#...#....
.....................#.##.#.####.#..#.........#.....#.................#.#.#...#.
....#.......#........#.....#..#.......#.#..#..#....##.###.....#...#.#........#..
......#..#..#..#...##..#.#.##.......#.....#.............#.#.......##......#.....
....#....#...#...##.##...........#..#..#...##................##.................
.##.#......#.##.....#....................#.........#...#...........#............
#.#...#...........#...........#...#..#......#..#....#..#....#...#.#..##.#....#..
........#.....#....#.........##.........................##....#...#.#........#.#
..#..................#.....#.#...............#.##...............................
.#..#.......#...#....#.......#.........###..#.##.......##.#.#...........#.#.....
................#...#....#..#..#...........##..##....##......#........#.........
.#..#...#.........#......#####....#....#...#....#....#.....#........#....#....#.
.........#.................#.#...#................#.#..#.#...#.........#......#.
#....##.............#..#.......#............#.#.#....#..##...#.....#.#...#...#..
.........#....#..#.....##...##.##.....#..........#.#..#...#...#.......#.......#.
#.#....#........................#.....#.#.#...................#.#..#..#####.....
...#..#..#....#.#.....#..#..........##.....#....##.................#.#.....#....
#.....##.....#......#...........##...##.......................#.#..##.#......#..
......#...##.......#....#..........#.##.....##.###....#..#..#.......#.....#..#..
...#.....#..#...........#..#....#...........#..#................#....#.#....#...
..............#..............................#.#.##.........#....#........#.....
100
14 19
16 33
10 11
11 1
2 37
7 21
3 13
2 36
3 40
13 37
2 25
6 6
10 20
17 26
11 30
5 17
5 20
1 3
9 18
5 36
18 31
12 25
3 22
11 10
11 7
17 33
1 12
1 29
14 13
17 25
14 6
19 31
1 22
4 21
7 27
6 16
5 23
11 16
12 6
2 14
4 3
20 30
8 13
6 14
17 19
20 28
1 6
17 32
11 20
9 35
16 6
13 26
17 25
13 31
9 19
19 25
9 14
16 8
16 22
3 16
9 10
18 29
14 19
10 31
10 7
4 23
15 34
8 33
20 33
11 32
13 21
11 36
13 31
14 20
6 12
8 10
2 1
6 40
7 13
6 10
11 23
18 40
6 9
16 26
4 30
19 16
15 20
15 15
3 13
9 4
13 5
17 8
17 14
12 20
11 13
14 31
17 36
17 35
13 39
11 17
