80 40
....#..#....#..................#............#...#.#.............................
...#.....#..........#.#............#......#......#..#............#.......#.#....
.................#...........##.#.#.....##....#.................##.#.........#..
.....#...#.#.#.##...............#......#...##...............#....#..#...........
.......#.......#....#...##..#...#......#.....#..#.#.#..#...#.........#.....#....
.....#....#.......##..............#.......#....#............#......#...#........
......#......#.#..#...........................#.............#......#.........#..
.............#...#.##...#.#...#...#.....#..............#............#......#.#..
........##.#....#.#.............##....###..............#................#.....##
.#...##.....##.#..###.........##.......#.##..#.##...........#.....#....#........
#..............#...#..#..........#..........................#...#.##...##......#
##..............#....#..#.....##.#.........#......##............##..............
#..#..#..#......###.........#....#..................#..#...###.......#........#.
.....#......#.#...#....#.#.....#............#.##.........#.###......#...........
...................#..........#......#....#..........#......#####...#...........
......#.......#........#...#..##..#............#...........#.##................#
.......................##.........#...#..#...#........#.##...##.#...............
.....##.#..##........#.#....................##........#...#........#..#.........
...#.........#...#.....###....#.........#....#...#.............#.#....#....#..#.
.........#............#....#.......##............#..##.#.#......#...#....#..#..#
###....#............#.#......#.......#.......#........#......##....#.......#..#.
........#........##.......##.#.#..........#......#...#....#.....#....#..#..##...
.....#...#.#......#..............#...................##.....#......#.....#.#....
.##..#........#......#...............#....#...#..##.#....#.#.........#...#....#.
.#.#..#.....#.........#.##.#........#.#.#..#.........#.#.#.#....#...............
..#.....#..##...#.#.............#....#...#............#.#...........#.#....#....
.###..#..#...#...#................##....#....#.#........#....#......#........#..
.................#..#...#.................##..##.....##........#.......##...#...
##.....###...##.....##...#.......##..............................#.....##.....##
.....#....................#.##.......#.#.....#..#.......#............###...#.#.#
.#..........#.#..............................#......#.##....#.....##............
.........#.#.....#.....................#.........#....#.#.......#.....#..#...#..
......#.#..##.......#...#......##.......##......#.......##..................#...
....................#.........#..........#...#..#.#........#...............#..#.
....#.............#........#.........#......##.........#.#.#.#.#....#.........#.
....#..#..#.....................#...#......#..###....#..#.......................
.........#..#.#...##.#.#.........#..#...................#....#..#..##.....#.....
#...#.....##....#.#.........#...#........#.....#...#.....###.#...#.#...#..##.#..
..##..#..........##.....#..#...#..#.....#.............#....#..........#.#..#.#..
.........#..........#..##...#..........#........#.##.....#............#.........
100
19 34
7 2
14 12
11 32
15 27
17 10
1 20
11 10
12 16
12 22
9 27
5 13
14 25
20 12
17 7
2 34
13 35
18 5
9 28
10 8
6 30
15 13
15 25
10 18
2 11
17 35
5 38
5 2
16 38
2 11
6 26
11 39
4 37
14 26
13 7
4 9
10 29
2 5
1 30
13 21
12 7
8 26
19 31
5 15
5 27
18 33
12 5
7 1
2 6
19 33
2 7
10 40
4 21
10 37
6 6
1 12
5 22
9 36
10 26
10 5
18 19
10 23
11 14
16 18
3 30
16 12
16 10
14 3
18 21
16 5
9 17
16 19
6 32
5 18
15 32
14 22
3 30
9 22
13 29
9 25
10 32
1 39
7 40
1 6
11 23
13 31
4 10
15 40
19 15
18 4
7 22
14 28
12 19
15 26
15 9
12 17
5 32
6 28
20 2
6 22
