80 40
........#...#..........#......#.#...#..........#......#......#..................
....##.....#....##..#..#....#......................#..#.#...#....#..#.....##..#.
..#.........#..........#.......#..........#.....#............#.......##.#.......
..........#.....#....#..#.#....#........#.#........#...##...#...#....#.#.#......
......##.#....#..#...........#.#..###.##....#.....#.....##........#.....#.#..#..
.............#..#.....#........#.............##.....#................#......#...
....##..#.#.#...#..##.......#............#..............#.#.......#............#
###...........#.......#..#.........##....#............##.....#.......##........#
#....#....#..#................#......###.#...#..#..#....#........##.............
......#..............#................#.....#...#.........#...#..#......##......
.#....##........#....................#....#...#.#........#..............#.#.....
.#...#...###...#..#.....#..#.....#..............#..#.###....#.......#...#.#.....
....#........#.....#..............#............................#................
#....#..........#.................#........#......#.........................#...
.#.....#..........#......#..#.............#...###...#.....#.#..#..#....#........
............#.............#......#..##...##..#............#.#.#...............#.
.....#..#....#.........##...#.#...............#.....#....#..##.......#......#...
......#...#.#..........#..............#..#...#...#..............#...............
........#.....#......##....#.......#.....#.###........#..............#...#......
........##.....#.#...#..#....#.........#...#.................#......#..#.#......
.....#...#..........##....####........#..#...........#........#..#..............
.##..#.......##.#...###.###...#......#..........#...##......#....#..#.#..#...#..
..#...#..#..####.....#.......#........#..#.........#.......#.................##.
.#.........#......#...#.#.#...........##...#...#.#.#...........#.##.............
#......#..##.......#..#.............##.....##...................#.#..#......#.#.
#.#..#...#..........#..........#......#.#......###....#...#......#.........#....
#........##..##.........#..#........#........##............#.#..#...#.#......#.#
...........#..#..#...#.....#.#...............#...#.....#...#...#.......#........
.....#............##.....................#..#......#.#...#.......#........#.....
..........#......#...#.....................##...#....#........#...#.............
...#.#.#...#.....#.....#.#......#....#..####....#...#..#.#...........#........#.
....##.##...#..........#....#.#...........#........#..#..........#.##....##.#...
.##.#....#..#....##....##......#..#..............#..#.......#.#.#.....##........
.......#...#..#...#....#.....#.....#............#..............#...#.......#....
.#..#........#..#....#..#...#.......#....##........#.#....#..#...#............#.
..#........#.#.........#.................#..#...............#......###..........
.......#.#.#..#.........##..#.......#..........##.......#..#.......#......#....#
.#.#.................#...##..#........#............#.......#....#.............#.
.........#...##....................#....#...#..##....#.......#.#................
#............##..#.#....#.##.....#.............#....#.................#.......#.
100
12 5
15 2
17 34
4 15
15 39
19 4
14 9
6 20
5 26
15 8
12 15
20 19
15 8
9 26
1 28
14 29
3 7
9 3
4 20
17 30
3 33
1 33
19 38
6 39
8 30
2 4
2 21
6 32
18 31
15 9
17 13
16 38
14 4
15 3
20 18
8 19
19 12
2 29
16 17
20 31
2 27
18 12
17 32
6 15
9 27
15 6
3 2
14 10
14 3
11 39
20 18
20 25
6 29
12 28
5 18
14 29
16 5
19 23
8 34
2 40
10 5
1 17
6 21
4 17
19 16
10 8
1 21
16 33
11 17
13 23
2 34
8 36
2 12
3 5
1 13
13 9
4 1
5 32
16 16
1 18
9 29
16 26
2 1
4 37
15 26
20 24
6 22
17 32
17 18
5 37
7 23
3 25
14 35
17 25
12 25
16 22
11 15
2 36
8 9
1 6
