80 40
........#...#....#.........#......#.....#....##....#......##.##............#...#
....#.....#....#..#.........#.......#..................###...#.#.#.........#....
#...#..........#........#......#...........#..........##....#..#.............#..
#.#..#.#....#........#....#....#...........#........#...#....#......#...........
.#............#....#..#..##.##....#...#......................#....#.#.....###.#.
...#....#.....#....#....#........##....#....#..........................#...#..#.
..#.#...#.#..............#................#..#.........#.............#.#...##...
......##.##.#.....#......#...#....#.....#...#........##...#.....#...............
....#.........#.....#.......#.#.#......#.........##...#.........#....#..........
........#..#.....#.#..........#...#.......#..........#.#.#........#..#......#..#
#...#...#.####........#..##.#....#...##.#..#.....#....#..........##......#.#.#..
.#..#...#.......#.####..................#........##......#.#.##..#...#..#....#..
#.........###....#..........#.............#........##.....####......##.....#.#..
........#....#...............#...#....#...#..#.#.....#................###....#.#
.......#........##.#.......#..#.......#..#..#....##......#.#...........#.#.##...
.....#.##.#....#..............#..#.......#....#...#.#...........#.....#..##.....
........#......#...............##...........##......##...#......#..........#....
.....#..#.......................#..........#.#....##...#..#............##....#.#
.........#.#.......#...................#.#....#........#.....#...........##..#..
........#..#.............##........#..#.......#...................#...###.##...#
....#....#..............#.#..........#.......#.##............................#..
##......#..........###..#...#.....#.....#............#....##......#........#....
..........................##........#..................##................#......
.....#....#.....#...................#.###.....#.#...................#.#.........
..#..#.......#..#.#.........#............#............##............#...##......
..#.#...#................#........#..#.#..#...#...........#.......#......#.....#
.##.............#..#......#.............#..#.#..................#...##....##....
...........##..........................##............#.....#......#...##....##..
..#.#..................#...#..#.......#......#.#....#.......##.........#..#.....
......###..#.##..#....#....#.##.......#.#................#...........#..#.#.....
..#...#..#..##..........#.........#..#...#.............#.#............#........#
.#.....#....#..#..#.....#............#.....#.....#......#........#.....##.......
#............##...........#...#........#.......#.............#....#.#...........
........#..#......##...........#.....#.##..................#...........##.......
#...........#.#...........##...#.......#.........##....##.......#.#.#.........#.
.......................#.........#........#.........#...##...........##.##....#.
.#.......#..........#......#.#.......#...........#.............#................
.##...#................#.......#.......##.............#........#..........##...#
..#.#.............#..................#....##.#......#...........#.#......#......
#.......#.......#.#####......#.............#.......#.........##.##..##..#.......
100
13 19
11 34
17 30
5 32
18 29
2 19
16 29
20 2
16 9
19 39
19 36
12 38
20 13
18 5
6 14
3 30
6 9
13 25
18 18
7 31
2 33
6 3
5 2
6 40
7 7
18 32
14 14
1 12
2 1
20 40
5 11
18 29
17 23
12 25
12 30
16 9
16 32
16 37
3 1
18 34
5 16
2 32
15 35
4 19
3 5
17 34
17 22
8 7
12 23
17 37
11 5
5 28
2 37
17 17
15 27
14 5
8 6
5 10
10 3
5 13
9 28
20 38
9 8
3 12
20 12
3 13
8 33
10 40
3 27
13 35
12 32
7 40
20 11
8 38
2 23
20 27
8 22
11 31
7 22
2 9
9 9
20 40
19 15
1 2
9 32
12 22
18 30
16 38
9 13
3 33
6 28
20 39
4 29
3 14
8 21
13 6
5 10
14 15
19 15
1 4
