80 40
........#..#....#..#.#..#..............##....................#.#.#.#.....#......
...........#.......#........#.###.#.##................#......##.#.#....#.##....#
.##...#.#........#......#..........#.#..#...#.....#.#.#...........#.#..#..#.....
.....#.##...#..#.#.#......#........#..##..##....#.....#...#.#.#..#.......#..#...
.....#..#..................#........#...##.......#....#......#..................
..#..#....................#..#..#.#......##.#..........#.....#.#.........#.#....
..#.......#...#..........#...##...............#..#....................##.....##.
......#..............##..##......#..........#.#....#......................#....#
............#.....#.#............#...#.#...#...#....#.#.#.#......#.#.....#.#...#
.......#.###.#.............#......#....#..#...#.......#....#.......#.#....#.....
.#.......##..#.......#....#..#.....#..#..#.............................#.#.#....
#.......#....#...#...##.#...#..#..#................#.........##.##.....##..#..#.
...##.#....#................#.##.....#............#....#........#.........#.....
#........##..#......#........#.................##......##........##.............
...................##...........#.............#......#..................#.....#.
......#.............#...#...#....#...#.....#.#.........#........#...#.....#....#
........#...........#...................##.....##.......#..........#.....#......
.#.........#....#......#.#................#.#.#...#..#..#....#.##...............
.##...#..###...#......#............#......#.#...#.#.......#...##.....#.....#....
.............#..#..#...#.##..####.#..#......##.....#...............#..........#.
...........#.......##.......#....#.#.#.###.#......#.....##..........#...#.......
....#....#.....#.....#.#.##...........#...................#......#..............
.....#.......#.#...#...#..##.#......#.........##......#...#.....#.....#.##......
.#...#....###....##..#......#.........#...........................##............
#.#....##...........##........#..#............#..........#...................#..
..................#................#......##...#..#.#.........#..##..#.....#...#
.#..#..#.........#.#.........#.#.#......#.....................#..#.#......#.....
...........#...........#.##.##...##......#......##...........##.............##..
.#.#...#........#...........#.##.....................#.##...#......#.......#....
#.#..#.............#............#......#..........#....##.#......##..#........#.
.#..#......#.#.................#..#..#..#...............#.............#.........
...................##.......#..#.#..##..#................#.........#.#..........
#.............................##....#........#..##...#.#.#....#.##...##...##....
#.....#..#.....#................#.##........#......#.#....##......#.#...........
......................#........#.....#.#..#..........................#..........
...#.............#......##...................#..........#..#......#...#...#.....
..#.#..#...#...............##...#......##..#.#..#.........#..............#......
#.#.............#.....................##.#...........#....#..#...#..........##..
.#..#..........##...#..................#...#.#.#........#...................##.#
.#....#..##..........................#.....#...#....#....#..#....#.##...##.....#
100
3 37
18 38
6 40
12 11
13 37
4 23
9 9
13 9
6 6
14 26
19 16
16 26
13 40
5 25
3 14
19 7
9 33
7 19
11 35
1 15
11 11
6 2
6 19
5 20
16 32
1 9
7 5
15 27
1 9
16 14
4 32
20 38
19 1
1 25
17 34
19 15
6 22
16 14
3 19
16 10
12 31
1 36
14 34
15 2
9 11
19 27
9 26
4 6
9 31
13 36
1 5
19 7
12 20
6 26
7 11
11 22
4 18
3 35
19 17
11 26
16 22
13 29
3 39
14 35
2 14
18 33
8 32
14 8
3 28
6 11
14 26
20 22
12 14
20 2
2 21
10 34
7 24
3 1
3 22
14 15
1 23
9 2
13 11
11 27
10 24
11 14
7 22
15 5
20 33
4 6
2 16
15 19
18 39
4 13
11 10
11 24
5 26
7 31
20 34
3 3
