80 40
...#.....##..####..##.#..#.......#.............#...................#......#.....
....#.#.....#.#.................#.............#.#.#..#...##.....#..#.#.#..#.#...
......#.#......#.....#.....#...###........#.......#......#.#.................#..
.......#..#.#....#......#.......#....#..........#.......#.....###..........#....
....................#.#.#.......#...........#............#..#......#.......#...#
......#......#....#.##....#...#.......#........##.###.............##............
............#.#..............#...#.......####..#.....#.............#............
.................#...#....##..#....................##...#...................#...
..........#.....#.#..##..........#...#.........###...................#......###.
#.............#................#..............#............#.#...#.........#....
..........#.....................#....#...#.#.......#......##....#......##.......
#...........#..##....#..#...#...#...#.......#..............#....#.#..........#.#
..#...#......#.............#.........#......#..........#.#.#....#........#...#..
#..........#..........##...#......#....#....................#.....#.............
#.....#.##..........#...........#......##.......................##............#.
.......#..............##.......##.#.#.##..#...###..........#........#...#.##.##.
###.#..........#...##....#.......##...........#..#..#..#......#...........#.....
...#..##.#...####....#.....#.......#..#.......#.............##............#..##.
...#.....##...................#....#..#............#...#......#..##..##.........
#..........###.....#..............................#.....#....##.........#..#...#
....##.........#.....#..#.#...#..............#..#.#......#....#.................
...##..#....#.#.................##.......#..#..##....#.#........................
...........##..#....#.#.#....#...............#.............#........#...#.......
.#....#....................#....#..........#....#..##...#...........#..#.#...#..
...........#.#...#.................#.....#................#..#.......##.........
..#....##................#.......#.......#.......#.......#...#..................
.##....#.#...#............................#.#.........#...#...##.........#.....#
.....#..................#..#.....#.#.......#.#.....#...#..#.#...#..#............
.........#.##....##.#.....#..#....#.......#..#.................#....#...........
.....#.....##.#...#.....#.##.#..#..................#.................#....#.....
#.#.....#...#.##..#.....#.####........##...##..#...#......#...###..#...#..#...##
............#......#..................#.....#.........#.......#......##....#....
.####.....#............#......##..#......#...##....#.#....#....##......#.#......
..###.##.##.#.#...#................#......#...#.............#...#.#.............
.#.#...#.#.....#.........#....#....##...#..........................#....#.......
...........#.....##.......................#................#..#.......#.#.......
..#.##....#..##.#..........#.........#........#..#.....##...#.......##......#...
#....#...#..#.........#.........#....#....#...#.#......#......##...#.#.#....##..
.........#.#...........###.......#.#........#......##...#...#...........#.......
...................#........###....#....#....#.....####.....#...#.........#...#.
100
12 7
5 21
6 17
4 15
8 21
15 21
20 6
4 36
19 29
6 8
3 12
18 12
19 17
4 38
6 12
1 32
6 39
1 2
11 12
19 38
14 10
3 30
7 15
3 16
18 27
4 36
2 30
4 7
20 4
2 3
5 35
1 21
19 33
3 36
3 2
17 37
5 30
20 29
17 1
9 29
4 14
12 10
8 23
13 3
3 14
11 1
9 30
17 35
19 27
13 32
20 26
16 38
15 12
18 20
7 34
2 13
18 28
10 15
14 37
13 7
10 31
20 3
13 8
15 20
17 6
12 26
10 12
12 2
15 40
1 23
18 26
13 14
15 16
3 34
9 9
15 13
7 28
15 21
4 38
9 8
1 23
8 22
19 13
15 30
8 25
20 35
17 5
3 21
11 29
10 1
15 7
16 35
4 35
18 31
5 16
17 4
16 33
15 7
2 39
6 9
