80 40
.###..........##....................#...#............#.............##.#.........
..............#.........#.#..#..#.#...............#...##............#.......#.#.
.#.................##.....#........#.....#....#...##.....#.........#..#.#.......
.....#.#........#..#...................................#...................#...#
..#...........#...........#.......#....##.........#.........#...........#.......
#......#...#..#..............................#...........................#..#...
...#......#....................#...#............#...........#..............#.#.#
.................#..#....#........#.......#.#.#....#..#.#.......#...........#...
........##.###........#..........##......#..#...#.....#..#........#.........#.#.
..##......#.#...#.#.##........#....#..#..........#....###..##.#...........#.....
...#...#.......#...#..#..............#...........##.......#.............#.......
.................#..#.........#..........#......#.#..#..........##..............
........#...#.............##..#........#.........#........#......#..............
...#..##.....#.......#.#.#...#.#.#.............#....##.#.#..#..#..#...#..#......
#...#..........##........#................#.#....##....#....#.....#...#....#....
.#...........#..#.#.#....#...#............#.#......#...............#...#...#....
..#....#..#.#.....#..#.#.#......##..#........#......#.##.......................#
............#...###..###................#........#...........#.#....#.##...#...#
#...#....###...........#..#...................................#..........#.....#
.....#....................#............#......#..........#...#..#........#....#.
...#.........#.......#....#........##.......#....#....#.......#...........#.....
#........#.....#..##...........#.........#..##.#.......#..........#....#.##....#
............#....##..........##..........###............#....#........#........#
.#....#...#..#......#.....#...#...#.....#......................#................
...........#...........#....##...#.#..........#..#...##.....#........#.#......##
..#.............#............#...............#.......#.....#....#....#.......#..
.......#..##...........#......#..............#........#.#..............#........
...#........#..........#.#..............#......#........#..#....#..##...........
.....#......................#.#.#..#.........#.#..............#...........#.....
..#...........#....##.#...##.......#.....................##.#.#...#.#...........
.....#..........#.#............#.##.......................#.....................
.#.......###.#.....#.#........#...........................#..#..#....###.....#..
...#..#.##................#......#.....#..#........#....##...#..###....#.....##.
..#.......#..#....#.....#......#......#..#..........#..........##..#............
...#..#...................##.#.......##....................................#.##.
.#........##.........#.#..............##.#.................#..........#.....###.
..........#..#..#....#..#..#...#..#........#...........##.....#..#..#..#........
.......##....#...#....###....#...###...#...#..............#...#..#....#.........
.#.#..#.....#...#....#...###...#...#...#..##..#.....#......................#..#.
#...#..........#....#.#...........#...#......#..#.......#........#.....##.......
100
5 9
17 19
2 5
18 8
11 14
15 11
11 11
2 8
4 8
8 38
19 7
12 15
18 30
6 35
4 1
17 16
2 19
19 19
18 15
7 29
7 32
14 4
16 15
19 16
14 21
4 38
17 1
6 1
17 24
8 14
8 31
5 17
11 22
7 38
5 23
15 3
19 6
1 2
13 12
12 27
6 25
17 40
10 1
5 28
6 28
4 8
7 10
9 37
1 30
20 33
14 11
19 17
11 7
17 3
6 10
10 7
17 24
17 21
4 38
19 12
12 12
15 6
1 7
20 36
7 26
3 23
20 9
4 12
2 22
19 27
2 27
17 7
17 38
9 37
19 23
3 16
5 28
9 32
14 37
9 39
10 18
16 25
16 32
6 22
12 11
19 1
8 16
15 37
17 11
4 26
9 18
6 19
7 31
6 1
11 18
2 21
14 8
17 35
7 2
17 11
