80 40
.......#........................#.#...#.#......#...#.#............#..#..#.#.....
........#...#......#.......#.............#.#.#.#...#.....#.###....#......#......
.........#.....#.#.###...........#.#...#...#.#....#......#..#........#..#......#
##.......#...#.#........#.....#..#...........#.......#...#...#........#.........
..#........#...#......#......#...##..................#.#...............#...#..#.
...#.............#.......##.#......#..##....#..#.....#...#.......#..#...........
..............#.......#..#..##........##.............#..#......#.#..............
.............#..##..............#.#.....#........#....#.#.#....#.....#..##.#.##.
........#..#...#.....##..#.......#.#........#......#....#....##....##...........
....#..##......#..............................#.##..#.#.....#..#................
......#.......#......##.##.....#.......#..#..#...........##......##.............
......#...#...#.##.#......##....#...#...#.#..#..#............................#.#
.................#...#..#......#.#.#.#....#...##...##.........#..........#...#..
.......#.....#.......#..#.#.#.....#........#...##....#.#...........##..........#
..#....................#..###..................#.........#...........#......#...
...........#......#.#...#........#.#..#........#..........#.....#...#..##..#....
.....###....##....#.....#................#.............##.#..#......#...#.......
..##.....#..#.#.....#..............#..............#............#.#........##....
....#............#.#.#....#..........##..#...#....#..#...#.....................#
.............##.............#..........#..............#..#.#....##.....#...##...
..........#...#.......#......##...........#...##..#.......#.#...#..#...#.#.#..#.
.#..........#...#.....#.....#......#...#..#......#..............#.#........#...#
...#........#........##...........#..#.........##.#....##.....#........##......#
..#.....##......##.......#...#..#...................#.......#...................
..#.....#.........#.#......#............#..#..............#.............#.......
....#...#........#..........#.................#....#.##....####...........#..#..
..............#.##.#.#..#...#....#..........#......##........#.....##......#..#.
...........#.##..#....#......#..#..#...#...##......#.#......###....#..........#.
.#....#......#......#....................#.#.#...............#......#........#..
.#....#.......#...................#..#.#.#.#.#....#.#...#...........#....#.....#
..#...............#...................#.#...............##.......#..........#...
...#......#...#...#...#.............#.#......#........#..............#.......#..
.#.#...###...#....##.....##....#............#...##.....................#.....#..
.#....#.....#....#...#.......##.....##....##....#.#..........##...#.....#.....#.
..............#..#..#....#.#......#............#....#....#......#...............
...............#...#..##....#....####...........##.............#.......#.#.....#
........................#..##.#....#..............#.....##.#...#..........#.....
.......#...........#.......#.#..........#..#.........#..#...........#...#..#....
.............#...##..#.#.....#....#.....##.#..###.....###.............#.#.......
........#....#.......#...........................#.......#.....#...#..####......
100
7 10
7 36
12 29
11 16
20 30
2 6
5 27
9 19
4 15
19 9
12 20
11 29
7 28
1 26
12 30
20 36
14 11
13 35
19 21
6 32
4 37
18 15
5 17
12 2
10 22
10 25
4 18
12 21
14 29
9 3
4 22
10 4
14 33
13 1
14 37
15 5
7 29
2 33
16 34
1 39
14 8
17 27
5 20
10 22
8 27
20 38
3 40
16 17
1 11
18 18
18 16
17 4
11 21
3 8
16 37
17 24
11 22
17 19
6 24
14 19
12 18
15 32
17 34
19 17
9 24
19 24
10 16
8 20
2 8
8 5
13 22
5 19
14 9
7 3
11 39
3 32
15 22
13 34
15 19
9 8
10 14
19 8
19 20
15 29
3 3
19 28
19 40
20 33
18 19
1 6
9 32
10 29
9 2
4 1
14 8
10 2
17 36
4 5
20 39
6 16
