80 40
..#..#.....#........##.#........##.....#.........#.....#...#..#........##.......
................#..##...##..##........##..............#..........#....#......#..
..#..#.##.....#.....#.......#..#............#....#.........#................##..
...#...#.......#....##.#.#....##..............##...........#................#...
.........#.#...#..#........#..............#...#...............#.....#..###.##.##
##.#..#....#...............................#.#..............#......#......#....#
..#.#.#..#.#.........#....##....##.....#.#.....#.........................#......
#.......#....#.......#..#.................................#...#..#.........#....
..#.#.###..#.............#.#.#.....#...#.#.#............#..............#...#....
........#.#........#..........#................#....#.#.###......#.....#...#...#
.............#......#...#.....#......#...#..................##..............#...
.#..#.....#......#.#.....#........##..#...................##.........##...#.....
..#..#..#...#.#............#......#.....................#..........#.....##.....
#.##...##..........#.....#.......#.#.#...#............#....#.............#..#..#
..#.#..#........#......#.##............#.....#............#..#........##........
......#...............................##.....###....................#....#...#..
......#.#.......#.................#...#..#.........#.........#........#..#...#..
.............#.......#............#.##..#....#.#.#...............#....#......##.
.........#.#..........##..#.#....#..#.....#..#..#........##........#.#.......#..
.......#.................##.....#......#...#.....#.....#........................
..#........#.#.#..#.........#.....#.#.#..##.....#.....#.......##.....##...##....
...##.......#....#........#.#......#....#..#............#.......###.....#.......
.......#.....#......##..#...#...#...#..........#.##..............#.....#...#....
###..#.#.#..............##.#.......#...........................#......#.........
...###........#...###..##............#...#..#...........#.................#.....
..#..#..#...#...#...#...#.....#.#.#...#.....##.#.........#.....###...#.....#...#
.......#...##....#..#...#.#...#......#...#.........#..........##................
....#.#.#...#.........#...............#...#....#.#.#.#.....#...........#.###.#..
....#........#............#.........##.....#.........#.##.......#...#...#.......
......#.#.....#................#....#............##..#...#..##......#....#......
##.#..#....#................#.....#.##................................#.........
##..........#...###....#..........##..#..#....................#........#........
##..............#.....................................######.............#......
...#..........#..........#....#..................##...#...#...#.................
.....#..#...#...#....#.....................#........#......##..#........#.......
#......##..............#.###....#........#.....##......#................#.......
.#...................#..#.....#..#.........#.#...#........#.......#...#...#..#..
.#....#.......#......#...................#....#.....#...........#.#...##..#.#...
.................##.#.........#.....#...#..............###.........#.......#....
............#..........#..#....................#......................##........
100
17 31
18 32
6 5
11 38
1 5
17 2
9 4
18 2
16 8
10 11
13 23
16 12
13 6
5 2
18 19
12 14
3 39
9 9
14 8
19 6
7 33
11 2
16 3
9 8
10 29
10 6
18 19
8 4
8 16
4 4
12 28
20 29
3 19
18 19
1 3
1 2
7 21
3 12
2 33
12 5
12 1
13 4
17 20
10 20
9 10
8 23
6 7
10 39
5 6
7 34
13 28
8 3
1 36
16 30
15 11
1 13
6 25
16 25
18 8
14 15
2 13
2 15
11 7
17 14
14 27
20 31
3 36
15 29
8 38
5 15
14 2
8 20
5 19
17 13
18 27
9 15
8 38
19 16
13 17
7 12
19 28
9 7
8 38
4 2
15 39
18 30
16 26
19 39
16 20
2 10
11 3
9 13
10 27
19 21
16 22
4 16
2 32
8 22
20 8
12 16
