80 40
..#.#.#......#........#...#...#..##......#......#.##..#.#........#...##....#....
......#..##..#.........#.#...............#.........#..................#.....#..#
........#.......#.........###....#....#.........#......##.....#..##.....#.......
....#.............#.....#....#....#.....#.#.#....#.....#.#......................
.....................................#............#...#...................#...#.
#.#......#....#.#........#...#.###.............#.........#..........#.#....#....
..#........#........###.#....#.......#.......#.#.#..#.#...........##.......#.###
....#..............#....#...#......#.........##.....#......##.............#...#.
.............#...#..###........#....#.........#.....#.....#.........#.....#..#.#
#.#..#............#..#...........#............#..#...#......#...............#...
...#.#......#.##....#...#..#.............##...#......##.##....##...#...#.....#..
..................#..###...................#.#..#....#...........#..............
.............##.....##......##..............#.#....#........#....#...........#..
..###.#.........###.#..#..#....................##.#......#............#.#...#...
...........#.................#....##....#...##...#........##.#..##....#........#
.....##........##...........#............#.#...............#....#...............
...#.#.#.....#......#....#.......#...........#................#.....#..#........
...#..##.....#.....#...#......#.....#...#........#...##..........#....#.........
....#.......##....##.................#..........#........................#......
.#.....#....#...#.......#..#........#....#..#..................#.....#..#.#.....
.#............##.............##.#.....#....#......#..#....#....#..........#.....
.....#.........#.....#.#####..##.....#...#........#.......#..#.............#....
...##..##..##....#.#..#.#....#...............#...........##.....#..........#...#
....#........#...#...###............#...#.......#....#....#..##...#..#...#.#....
.#.......###....#...#............#....##.........#.........#....##.#.....##.....
......###......#....#..#....#.#..............#..#..................#..#......#..
..........#.###...........#....#..#.......#..#.#..#.....###.....#...##..........
...................#..............##....#.......#........#...##.#...##.....##...
#..........................#.....#.............#.##.#.#.....#........#..#..#....
.....#....#.........#....#..........#.#......#.................#..............##
............#.#......##..#................................#....#.........#......
..#....#.....#.....#.....##....#...............................#..#.#......##...
##.....................................##...............#..###.........#........
.##....###............#......#..#.###......#................###.#...............
...............#........#....#..#.....#..#.#..#.#..............##..###..........
......#...#.#.............#...........................#.....##.#............#...
..#...........#.#.....##.......#...#...#..#.....................#...##..#.#.....
.#.#....#.#..#........#...#...#..##...#....#.#.....#.#.#..........#..#....#.....
...#.......................................#.#...#..............#........#.#..#.
...##.....#.......###.........#...............#.#............#...##.........#..#
100
11 7
7 1
3 13
14 3
14 7
17 40
19 21
16 2
17 6
19 12
13 30
8 11
20 30
19 32
7 15
13 25
5 29
16 40
6 26
16 16
14 8
16 25
18 24
8 17
5 27
19 12
14 11
8 16
14 11
1 13
4 34
9 9
11 26
4 29
19 26
8 39
5 5
1 15
1 8
3 29
11 34
20 21
9 26
18 26
18 10
11 23
1 17
17 40
5 21
4 9
8 8
7 30
7 38
4 28
4 19
3 2
18 6
15 2
15 38
11 29
7 3
20 28
18 31
12 5
1 13
16 30
10 7
5 39
1 2
20 22
9 38
20 40
3 19
18 39
20 34
10 7
2 6
2 19
7 39
12 32
10 40
7 4
20 39
20 18
2 24
6 40
8 25
12 16
2 40
4 4
16 3
15 28
4 2
12 30
17 12
16 40
8 17
2 39
19 16
9 18
