80 40
#.#.....##.#.................#........#........#....##.......#....#.....#......#
......#.###............#.......#......#...#..........#.#..##...#.#..............
#........#.#.#.#.....#..#....................#.###...........#.....#............
...#.......#......##..#......#..#.......#.#...#..#.#.......#.....#....#..##.....
......#......#........#..............##..#..##......#...#.......#....#.#....#...
...#.........##.##...#..#..#.......#...#..........#......##......##.............
...#...........##........#..........#................#.##......#...#...........#
......#...#...#...#........#..............................#.#.....#.............
.........#.#...#...#......#....#...............#....#......#............###.....
.....#....#.........#............#.#...........#...........#.....##.......#.....
................#.....#.....#...#....#........#.#.#......#........##............
.................................#.#..###....#......#.........#............#..#.
....#.....#...#....#..#.........##........#.........#...#........#......#......#
##........................#..................#.......#..#....#....#.#...#.....#.
.................#......#....#.....#........#.#......#...#.........#.........#..
.........#.........##...#...##.....#....#..#.....#...#...#....##....##........#.
...........#.....#...........#.##...#......#........#.#......#.#..#...........##
#.....#..#.......#..#.......##..##.#.#....#..#....#..#....#...#.#..#............
...#..#.......#.........#..#...#......##.....#......#...#............#.#.......#
.#.###.....#...#..#.........#.............#...####..#.#..#.............#.....#..
....#.........#......#......#........##.....#..........#.....#......#..#.....#.#
....#.........#.............###...#.......#......#..................#...........
.##....#...#.....#...#..#......##..............#............#.#.#.##.#...#......
.....#.#............#.......#..........#...........#....#........#...#.#........
.#.#...........#.......#....#.........##..#...........#....#....................
........#.....#........#......##.......##.....................#......##.#.....#.
..#...........#...###.....##....#...#....#..........#........#..#..#............
........#...#......#......#......#.........##..##........#........#.#.....##...#
.#...........#....#.#.......#..#.#...#.....#...#.#.#..#..#...#....#.............
....#.....#................#............#..#.#.........#.........##...#.........
.#......#.....##.#..#..........#...#..#.......#..#..#....#.#...#........#....#..
#.#..........#...#..#.........##...#.#....#.....#......#..#....#....#.##.......#
...#.............#...#.......###..#......#..#...#...............#.#.#.....#.....
.............##..........#..............###.#...#....#.###....#...##............
.......##.........#..................#.#.#.......#.......##...#..#..............
...##.............#....#....#..#...........####......#...#..........#......#..#.
..#......#.....#...#...#..#...#..........#...#..#.....#.#...#.#....#...........#
#..#..#.#...........#.#......#...#..#......#......#................##.....##..#.
..#...#....#.........#...#.....#....#..#...................#.#..#.#....##.#.....
.............#.#..#.........#.........#..##...#....#.#......#.###......#.#......
100
6 38
10 37
11 5
7 19
4 5
11 21
17 28
2 12
7 11
14 40
14 24
10 6
15 29
14 4
9 4
18 26
18 6
8 40
11 15
9 19
11 29
6 31
16 8
14 31
16 15
1 39
15 5
6 36
9 35
18 12
17 35
18 30
10 36
12 19
17 2
17 5
10 4
6 32
8 13
4 38
4 20
12 31
17 14
3 36
13 12
7 1
16 32
4 16
15 23
1 19
12 31
18 26
10 7
13 40
2 37
6 16
3 21
13 6
12 22
5 35
17 11
18 13
7 17
3 1
8 19
19 32
2 25
14 7
11 37
5 21
5 26
5 2
6 2
9 12
10 35
14 3
12 11
17 39
4 20
20 28
4 6
10 37
9 15
16 17
19 29
17 39
8 13
16 23
3 22
13 39
15 27
2 40
15 9
2 28
18 12
14 9
8 18
3 30
8 19
11 11
