80 40
...#.#...#.................#...................#.##....#..#....#................
..........#................#...#....##......#..........#.#..#.##..#.#.........##
#.............#...........#......#......#.........##.........###......##.##.....
.#.#.#...........##....#..#....#..........#.........#..##..#..................#.
.....#............##.#...#..#..........#.......................#.##....##.......
...###.#....####....#...##.#....##...........#................###...#.#.........
.....................#.........###....#...........#.#.........#.....#......##...
......#.................###......#.......#.....#..#.........##.##...............
.#......#...#.......#..............#.....#.....................#......#.........
....#..........#...#...#..#...#.#...##.......##..............#.#..#..........##.
....#.#.#.#............................#....#.....#....#.#.......#.#......##..#.
..#...##......#.#...##...#.....#...#........#...................#.............#.
....##........#......#.#...#.#........#.....#...#.#.....#.##.....#..#..#........
.####........#............#...#.................##.#..#...#..###..#..#.#........
#.#.#.......#..#..#..#..########..............#.......#..#....................#.
#..#............#..#.#.....#..###.........#.#......#.....#.......#.##...........
.#..#.........#......#...#.........##.......#...##....#......#....#...#..#....#.
..............####....##.........#..................##.#......#.................
.#..##.......#.#..#............#......#....###............#....#..#.....#..#....
....##...#.#..........##................#..............#.#.#....#.......#.#.....
.###..#.......#...........#..............#.......#....#............####.#.#.....
...............#.#.......#.....#......#...#......#...............##.#........#.#
................#.........#....#........#.....##....#................##...##....
..................#.....#.....#......#..#....#.#.......###............#.....#...
#.............#.........#...............#....#........#.....#........#..#.......
##...#.....##........#.............##.#....#.#..#......##.##.#.............#.#..
.#..##.....#....#......##.##.......#.....#.....#.........#......................
...#..#...........#....#.#....................#.............#..#.............#..
...##....#....#..##....#........#........#.....#.......#....#.#............#.#..
................#.#.............#......##..........##.#.#....##........#.##.#...
...#...#...........##......#..........##.#..#.#...#.....#.#.#...##..#....#.##.#.
...##.#.......##......#.....#....#.#.........##....#...........#.........##...#.
.#........#.......#..#........#...............#....#.#.........#.......#........
.#..#.#....#.................#....#..............#.........#..#.#...........#...
................#............#............#......#.......#..........##..#.......
......#.#.#..#......................#...#..#...........#...#.....##.##..........
..#........................#..............#.#.#..##.#..#.............#......#.#.
.............#......#......##.....#....#.##..#......#......#........#....#....#.
..#....#......#.#..........#..#....#.###.......#.................#..#.##.#......
.#.............#.##........###..#...#...........#....##.#..#......#.........#...
100
16 26
5 1
2 4
1 16
8 21
7 19
14 31
3 25
5 33
7 39
12 6
19 19
12 3
3 39
9 40
6 10
8 3
14 26
17 3
14 22
8 24
20 23
20 25
15 27
18 35
9 1
18 35
16 13
5 4
13 10
16 10
7 3
19 7
11 11
7 13
20 31
11 23
14 12
17 20
14 40
6 32
8 7
9 4
4 1
18 21
18 27
2 33
5 9
1 15
10 34
17 27
16 21
7 12
6 7
4 1
14 16
3 14
8 19
3 29
16 18
10 32
1 37
6 14
20 14
13 31
13 38
8 38
10 30
7 8
10 4
1 3
10 33
18 13
16 40
5 28
13 21
18 9
12 11
9 7
9 8
7 17
7 3
4 22
8 12
20 33
20 18
8 21
9 37
14 40
9 16
14 2
16 30
10 21
11 21
15 2
15 33
15 28
5 13
6 37
9 7
