80 40
..#.#.#...#..#.......##...#..........#..#.#.#..........#..............###.#...#.
...#.#...#......#....#.......#........#.#...........#.##.#..#...........#.##....
....#..#............#..................#..#.......#.#...........##....##...#....
..#.##.......#...#...........#........#..#.......#.#....#.........#.#..#........
#....#...#...##.....#......#....#..........#....#.............##...#....#.#.#..#
#........#.....................##.#...#...#..#.........#...#............#....#.#
......#.#.#..#.........#...............#..#..#...........###.....##........#....
......#..............#..#..#.#............#...........#.......#..#.#........#...
#.#...#......#.##......#.....#..#.##...#............#..#.....#.................#
#.#..........#.#.#.....#......#...#...........#....#.......#.....#.#.......#..##
..#.....................##..#.........#....................##.#.................
...........#.##.#..........#..#.......#......................#................##
....#..#.#..#.....#.#..#....#.........#......#.........##........##........#....
.#........##.#...............#..#.....#.#....#.##..#.#...#......#...............
...............................#...#..........#......#.......#........#.........
..##........#.#..............#......###.##...........#.....##....#...........##.
........#..#....##...##.....#.....#..##.#...........#..#..#......##.#...#.....#.
.....#................#..#.......#....#...#.#..#......#...#..#....#.........#...
.........#...#.......#.#..#.#.......#..#...#...##...###..#....#............#.#.#
.#................................##.............#..................#.#.#.......
.......#............#......#....#..#..#.......#....#......#.........#.#...#...#.
.......#............................#.........#.................##.#........##..
.........................###..................#.............#...........##..#...
.....#.......#........#............#......#...#.....#........#..................
..##.....##...#.....#...........#.....#...#..###..#.....#........#.#..........#.
.....#.........##..#......#.....#...##.......##...............#.#.#....##.#.....
.............##...#..........#......#...#........#....#..........#....#..#.#....
.#.......##.....##....#......#.........#.............#.#....#.......###..#......
....#................##........#...#.#...........#...............#..............
.#......##...#.##..#.......#...#....#..#............##..#..................#.#..
..#.....#.#........#...#...#.........#...#...#....#.............#..##.....#.....
.......#...##..#.#.........#.#...##.....#.....##...............#...........#.#..
..#..#.#...............###....#....##..........#..#..#.#.#.....#.#....#......#..
..#........#........#..##..#..#...#....#.................................#.#....
..##......#.#.......#.....#........#..#........##..............#........##......
..#............#.#....#.##...#...#.....#.............#..........#..........#..##
...................#.#...............#.##.....##..#.............#...........#...
.....#..........#.#.#.#......#.#......#...#...#.....................#..........#
...............#....##.#..#..#.....#.........#.......##....##....#.#.#.........#
....#..........#.#..#..##...........#...#..#..#..#......#..................##...
100
17 24
19 10
14 37
7 32
15 7
11 8
7 15
17 30
12 33
8 36
12 40
6 22
1 34
18 4
12 39
4 3
19 11
17 7
9 17
17 28
9 35
17 19
16 28
9 20
14 33
19 13
6 8
18 33
9 38
2 12
10 38
6 1
6 37
17 27
18 36
15 17
16 17
18 4
12 30
15 3
19 31
12 29
20 9
9 5
11 28
4 9
19 10
15 12
18 4
4 5
17 32
16 11
12 30
14 14
15 40
13 35
10 8
15 22
19 8
7 19
9 13
14 8
12 12
2 15
7 10
6 11
6 32
1 24
2 24
14 3
9 2
2 14
6 29
20 12
18 3
5 8
16 29
19 16
16 2
18 13
14 29
18 5
10 1
6 3
8 27
8 18
12 20
5 27
7 29
16 9
17 5
14 10
1 12
7 25
15 30
11 30
6 7
1 16
7 18
7 13
