80 40
..................#..#.#..#.................#.#.#..#........#.........##......#.
..........#..............#.........##..........#.............#.#.#..............
#..............#......##.#....#........................#......#..#...........#..
........#.#..........###........#...#.....#.....#..#.....#....#.............#.#.
...........#.....#...#.#.........#...#....##..#..........#...#...#............#.
#.#.........#...#...#....#...#....#...#...##........#....##.#........#.#........
........#.............#.......#.#......#.#......#.....#.#...#........#.......##.
..#..#....#...........#..#.#.............#.....#.#...............#...#.....#....
###....#...##.#.##..#........#.#.#.#....##.........##.....#..#.#................
......................##............#.##.##............#.#..#...#.......#.#.....
#.#....#.......#.#.....#............##...#......#.#.....#......#....#...........
.#...........#......##..#............#.....#....#..##............##........#....
...................#....#.......#........#.....#........#............##..#....#.
............###....#..#.......#..........##...#.#.....#.##...#.#..#.....#......#
#...........#..#......#.....#..#........#......#.#.#...#.....#....#.............
.......#...#..#.........#..#...#......#....#.....#.....#..............#.........
#.#........#.......#...............#...#.....#.......##.#.................###.#.
..........##...#.........#...................#.#..............#..........#......
#.#.......#.....#...................#.........#...........#..#..#......#........
........#....#....##...........#....#.#...#......#.#......#....#...#........#...
.#.....##..#..#..##...#.......#..#..#.........#.......##.........#..............
#.#.....#.......#......##.#.......##...#.##......#............#.#....#........##
.......##.........#....#.##...#..#.....#....#........#.....#.................#.#
...#..#........#....#...#.............#..#.....#.....##.........###..#..........
...#.#.....#.......#....##....#..........#..#......#.....####.#.........#..#....
.#.....#.........#.........##...........#.....#......#...#.....................#
.#......#..##...#.....#...#...........#...............##.............#......#...
..#...#...#...#.#....#........#.#....#...............#............#.......#.#...
#.............................#............#..#........###.#...........##...#...
........#..#...#.#...#........#.....#........#.....#.....#...#.......#.....#..#.
...#.......##...##.......#...#.#.#...........................##.#..............#
...#...............#....#..#.#...........#.#............##........#...###...#...
...##..#................#...............#..#...#......#........#..........###...
....#....##......#.#..#....#...#..........#.#........#....#....#........#......#
...#...#..#....#.........#.....#..####...#...#.....##......#........#...##...#..
.#.#..#...###..#.#..........##..##.#....##...#.#..#......##.......#..#..........
#.....#....#....#....##.##...................#...#....#..........#......##......
.#.#......#.....#..........#...#.........#.#...#.#....#......#.#..#.#.......#...
.#..#........#.#....#.........##.........#..........#...............#..........#
#...........##.......#......................#.........#.#..........#.........#..
100
9 13
15 33
14 8
6 6
8 15
7 2
18 11
6 1
15 21
12 9
6 31
16 10
8 34
17 25
6 29
2 30
6 21
6 22
16 32
6 5
17 14
11 6
16 33
15 25
1 33
15 9
4 29
15 6
6 31
11 17
8 22
17 39
20 22
12 31
15 25
5 26
12 2
14 10
11 33
5 13
16 19
19 8
6 10
5 23
15 36
12 4
16 3
9 2
18 34
15 10
2 6
3 35
12 14
11 19
11 5
18 6
13 3
9 6
14 19
8 33
18 16
17 3
20 11
10 30
18 18
13 18
3 18
1 2
8 11
3 18
12 32
16 25
6 19
16 34
11 10
10 35
16 12
17 7
15 34
2 10
17 30
18 2
13 22
18 6
14 28
1 28
14 17
12 32
13 12
12 19
7 10
8 11
1 40
19 35
19 40
18 4
5 36
18 30
12 36
12 7
