80 40
#..........#..#..............#.........##...#................#.....#.##.........
..#........###....#..#.........#..#..........#....##....#....#....#.##..........
....##.........#.#....#...#...#.........#....##....#.........#.#......##......##
..........#...#.....#...............##.#.....#......#.#..............#..#......#
#...#.##..............#.#....#........#.#....##...#.....#.#......#...#..#.......
..#...#...##.##.#.....................#.#..........#...#...#.....#..........#...
..##.....#...............##............#....#.....#........#.......#...##.....#.
..#...#.....#..#..#....#.#.#....#.#.......#..#.#....#.#..#....#................#
......##...........#..#.#.......#....#......#..........#...#......#............#
...............#.............#.#.........#..#..#.......#.#......................
...#...#.........##...#......#......###....#...#......#...#...#.........#...#.#.
....###......................###.#..##...#....#.#..#........#...##.#.......#....
....#.....................#.#...........##....#...............#....#.....##....#
##.............#.#..#...........#..##..#.#..#.#....#..#.......#.#.##.........#.#
..#.#...#..........#.....#.................#........#..................#.####...
#...#........................#...........#..............#....#..............#...
.#....#....#.#....#.#..#..#...#..#..........#...#.....#.#..#.#..................
##.....##..#....#...........#.#...............##..#..#.#.....#..#..#......#...#.
#.......##...........#.#.......#......#.#........#...#..#...#..#.#...#..........
.#...#..............#.##......#..................##.......#..#.#................
...#.#..#............#...#......#..##........#.#...#..........................#.
..##.....#....#..............#...#.#.....#..#........##.#.......#...##..........
.#.#.#........#.......#...............#............#......##..#.#..##..##.###...
.......#........#.#.#..............#....##..#............#...#...#...#..........
........#.##.....#...............#...#....#....##..#...#.#.....#....#...........
...........#......................#.....#..........................#.#....#..#..
....#.#.......#............#.....#..#..........##.............#......#..##......
...................##....................#....#.................##.#....#.......
.#..#......##.......#................#..#.#.....#..............#.....#...#.#.#..
....##.#.#.#...#........#.#..#........#....##....#.......#.....#.#.#............
...#......#....#.#.##....#..#...#...#.................#..#.#.......#....#.......
.........#.....#........#..................##........#.#.................#....#.
........#.##..........#..........#.#...#..#.......................#......#..#.##
...........#..#..#.........#......#.............#..##...#..#.....####.#.#.......
.#.#.##..#..........#....#......###......##.........##.................#.#....#.
....#...#...#.#.#.....#.#......#..#......#..#.#.......#.##..........#......#...#
#..#....#...#...#...#.######.#....##...........#.#...##......#..........#..#..#.
#........#...#.........#.#..#.#.#..#.#................#....#.##.##.....#......#.
..#...........#....#....#....#..#..#..##..#.....#...#.........#........#....#...
....#........#....#...#...#..#..##..#.....#.....#....##.........#......#.##.....
100
2 34
7 6
2 3
8 13
11 9
3 30
8 24
10 39
19 36
16 11
6 12
13 28
6 11
18 22
4 19
10 18
7 12
10 34
12 38
14 17
10 24
11 28
8 26
17 16
2 14
17 13
9 37
11 32
20 35
3 39
17 15
2 7
14 35
10 33
18 37
6 13
15 38
1 3
7 2
10 14
5 17
7 23
3 3
14 39
15 26
20 9
3 29
6 18
10 11
17 37
8 8
3 34
20 6
12 20
20 5
9 38
2 23
7 16
13 32
13 11
4 17
20 2
8 16
8 11
17 16
11 36
9 5
6 15
13 14
4 15
15 11
14 7
4 7
8 7
10 24
10 18
5 10
18 20
1 16
15 9
2 15
15 18
5 36
17 37
10 3
15 30
11 8
18 1
5 18
4 34
2 24
3 30
6 7
17 34
5 24
20 31
1 21
7 22
17 10
7 17
