80 40
.................#.#......#............................#....#..#..#....#.#......
#.#..#...#..#.......#...........#..##....#....##..................#...#.###.....
##.....#.........#.#.....#.##.....#......#....#............#..#.............#...
.......#...#.##.##...#.......##.........#.##.........##.......................##
........##.......#....##..#....#..#..##......#.............#.#...........##.....
.......#.....###.....#....##...#............#..##..#..#......#......##....#.....
.........#........#......#..#.#...#..............#..##......#.................#.
.....#.#......##.........##....#.#...#.............##.......#.#.#.#...........#.
..#.............#.###.....#.......#.........#...#.....................#..#..#..#
......#......#..#...........#...............#......#......#.....#.....#.........
#.........#.......#..#..#...............#.................................#.#...
.......#.....#...........#...#..#....#........#..#.....#..#.#..#.#.#...#..#.....
.#.......#...##...........##....#.#.......#.....#..#........##..#...#.#..#...#..
.....#......##.......#.......#...##......#.#...#.......#.#.........#.#......##.#
........#.....#..........##.#.......#....#....#.#.#...##.........##......#...#..
.####.#...#......#......#.#..............#.........#.........##.##.............#
.......#...........#..............#..##.......#....#.............#....#.......##
.........................#.#...#....#......#......##..........#..##.#...........
#.#.##...#..#..#...##.#.....#.................#.#................#.#.....#..##..
...............#...................#..........#..##..#.#..#.#......##..#...#....
...#.#....#....#...#...#...##.....#.....................#.......#.#.#........#..
..............#.#....#......#........#................#..#....#.#...............
...........#..........#.#...#..#..#.............#.#........#.....#..............
.......#.#..#....#...................#.#.....#..#.#...#.#...........#...#.....#.
.#.........#....##.......#........#...#....#...#...##.#..#.#.........#..........
#........#....#.....#...#..#.#.............##.....#.........#..#.......#....#.#.
.#....##...............#........#.........#...........#..#.#...#.#...#..........
....#.#...........#.......#.......#...#...#..#.....#..##....#.#..##...........##
....#....#............#..#..#.....#............#....##...##.#..#...#.....#......
.#....#........#..##....#.#......................##........#...###.#....#.......
..##...#...###.......#................#.....#..#.......#......#.........#.#...#.
#.....#......##..#............#..........#.......##....#...............#.#......
...#..#.........##......#.#.##.....#.........#.#..#..#...........#.###.....#....
#...#...#.........##....#..........#.....##........#....#...#........##.#....#..
..#.........#...#.#.#......#.#....#....#.............#......#...............#...
.#......#.......#.........#.#.##..#..##..#.#..............#.......##..#.......#.
..#.#....#........##.#........#.#.....#...........#..#...#.#..............#.....
.#..#.......#..#..#....#......#.......#....#.#..#.#..................#....#.....
.....###......#.#..................#......#.............#................##...#.
............#.....#...##.##........##....##............##.....#..#.#..#....#....
100
16 7
6 34
5 31
4 24
15 29
15 28
8 33
12 28
20 9
9 38
19 36
14 22
6 15
4 18
15 18
8 14
7 13
9 2
3 26
8 29
18 6
3 17
3 30
10 31
10 40
6 26
6 32
13 38
8 30
20 1
11 16
16 23
3 7
10 5
2 12
13 32
8 9
12 6
12 14
9 25
7 16
19 15
15 1
14 11
2 1
8 10
11 3
8 30
20 3
3 15
6 4
8 17
17 36
7 40
7 35
5 36
5 32
18 40
7 21
10 29
11 27
8 11
4 6
3 29
20 24
4 36
10 38
19 17
11 32
9 15
14 23
3 33
14 16
11 33
18 33
4 20
3 20
7 34
12 39
7 12
2 36
20 12
4 33
6 37
12 28
1 4
5 18
5 7
20 22
4 6
10 19
11 37
19 18
1 20
16 15
10 4
17 3
15 2
16 36
2 19
