80 40
..#..................#.......#.#...................#.#..........................
#...#..#..................#.#.#........#...#..#............#..#.................
...#....#.#......#.......#..#.#......#......###.....#.......#...................
...#............#.......#...#....#........#.............##..#.............#.....
....#...#............#....#.#.#......#......##..#........##................#...#
..........#........##.#..........................#..#....#.......#........#.....
.......................#..#..#...#.........#....##.....#........................
#...#................##..#................#....#....#.....#......#.........#.#..
....###...........#......#.#....#........#....##..##....#......#...#....#..#....
.....#.......#..#..##.......#....#.#...#...........#.....#.#........#.#......#..
#.......#..#..#...#.#.........#......#...#....#..#..#...................#.......
###....##...#.#..###...##.........#....#..#.......##..........##...#...##.....#.
##.#.......#.........#........#...#...###...##...#.........##...........#.#.....
....#.........###.#.##...#......##....#....#..........#.#..#.#.##.........###...
###...#...#..#.##...#.....#.#......#..#...#....#..#..........#.....#...#........
...#.#......#..#....#..#....#.......##...................#.........#............
.....###.#......#..#.....#..#..##..#.#.........#...#.#......#...#.......##..#...
##...#...#.#..........##....................#..#....#......................##..#
........#.#.#....#.....#..................#..............#...#.#...........#.##.
...........##.#.#....#......###....#...............#..........#...............#.
.#........#.#.....#...#..#.....##..........##.....#.......#......###.#.....#....
#...................#.....#.#..##..........#...............#.#......#...........
#.#................###.#.......##........#...........#......#....#...##....#..#.
#....#..............#.#.#..#..#........#.#..#.....................#..###.##....#
..#....##.#..##..............................#.......#...#.....#................
.....................##..........................#....#.#..#.#.#..#.............
##..#.#..##.....#......#........................#.##.........#.#..##.......#...#
...#....................##......#....#..#........#......#...#.#......#.#.....#..
..#..........#.#.......#...#.#...#................#.............#...#..#.....#..
........#.......#.......#.#......................##...........#........#....###.
.#....#..#...#....#.......#.#.#...#......###.....#......#...#..........#.##....#
..........#.............................#.....#...#...#..#......#..#...#..###...
....#....................##....#.#...........##....##..#.........#....#....#....
#....#.......#.....##....#......#........#....#.#.#.............................
.#.#.......#...............#.........#.#.......#...............#............#...
.....#.#......##..#...........#..#.........#.....#.................#....#.......
.......#....#...#.............#............#...#..#..................##..#......
....#.........#.#........#.......#..##.#...#...#....#..................#........
..................#.....#.#.#...##...#..#..........#..#..........##......#.#.##.
..#............#.#..#........#......##.....#.#.....#.....#..#..#................
100
19 3
9 7
16 24
12 2
12 28
13 5
14 38
1 5
16 25
8 24
20 24
7 31
1 28
4 13
2 9
5 11
11 33
10 26
7 15
6 15
7 11
7 25
14 20
20 33
19 19
2 28
7 1
8 17
13 5
8 1
1 24
15 22
16 2
17 35
12 17
13 18
1 33
3 2
12 2
1 4
6 34
12 13
8 27
14 25
20 7
16 13
16 5
7 21
6 5
5 1
9 31
4 34
13 31
6 2
15 20
11 4
18 37
11 38
2 26
5 7
4 12
16 19
18 30
14 23
14 38
7 40
1 30
20 20
12 27
14 22
17 3
5 33
9 9
16 25
12 33
18 15
14 25
6 4
4 1
1 23
11 20
19 14
19 25
10 40
20 13
15 2
5 31
3 2
11 31
7 34
2 5
6 38
5 36
15 14
8 16
15 4
3 40
6 16
5 20
12 4
