80 40
...............##..#.....#........#........#.#..............#...#...#......#.#..
...#..#........................##..#..#...#...#.........#..#..#.........#.....#.
.#.#..##.##..............#..##....#.#.#.....#......................#.....#......
.#......##........#.#.#..#.....................#..#.#..#......##.........###....
.....#.......##.#.........#.....#.......#......#......#.......#................#
...#.........#.#........##......................#......#................#...#...
...#...#.......#....................#..................#....#..........##.......
.......#....#..#.............#.....#..#............#.#.#......#....#.....####.#.
#.....#..#....#.....#...#..........#....#.#.............................#......#
..#.............#...#..#....#.......#..#...#......#.#....#....#.......#.....##..
..#.##...##...................##....#...#..##..................#.........#....##
#..#..##..................#.##..#.#..#.......#............................#.....
.....................#...............#..#...#..#...........#.#..##......#.......
...................##..#...#.#....#.........#.#....##....#.......#....#..#...#..
...#..........##.......................................#..#......#..#...##....#.
.#........#.##.........##....#.#..#.#.............#...........#.................
..........#...#....#.......#......#..#.....#.....#...###....#........#.##...#..#
.................#..#.....##...................#....##...............#......###.
#.#....#.#....##..........####.....##...#...#.#......#...#..#............#.....#
.#.....#.#.....#.....#.........#.....#......##.....####..............#..........
......##..............#..##.....#.......#...#.....#.#.#..#........#......#....##
.....#....#............#..........#............#..#.........#.......##.....#....
..........#.........##..#.....#......#....##............#......#....#..#.#....#.
.#.....#.#.#..#..........##.#..#...##.......#............#........#.............
..##....#....#..#.....#....###.....##..#..........#.......#.....................
.......#..#.#..#.#.....#...##.......#.....#..................#..#.....##....#...
...#.#............#.#...........##.....#....#....###.#.#..#.#..........#....#...
#........#.##.........##......................#...#...#.....##...##.........#...
..........#........#.#....#..............#..#..#......#.....#.......#.........#.
.....#...#....#.#.............#........##...##...#.#......................#.....
..##........#...#...#.#.....#..............#..#.#...............................
..........#...#..#....#...#.#....#....#....#....#.....................##.#.#....
........#.#..#............#...................#..........#.......#.#.......#...#
#...##....#.#.....#..............#...#..#...#...........#......#................
#..#..#.........#...#..............#...................#...........#.........#..
.....#........#...#.......#.#.##.#........#.##..#.....#.#................##.#.#.
.#..#.........#........#.....#.#....#......#..#.#.###........###...#.#.....#...#
.....................#.......##.......#.#................#......#...#.......#...
.#...#.........#..#....#.....#..#......###.............#...#..#.......#....#....
......#......#..........##...##.#....##.#.......................#....#..#.......
100
3 9
20 1
2 19
4 5
13 26
3 4
11 5
14 21
2 27
17 6
2 23
1 40
5 22
17 36
8 3
1 4
1 17
4 6
17 9
20 5
2 7
16 35
14 11
19 7
11 25
14 32
2 1
10 35
8 12
18 11
5 10
9 2
13 29
17 38
17 37
11 19
3 32
18 35
9 28
17 28
10 5
1 16
6 19
10 16
15 18
6 20
16 4
2 23
16 1
1 6
19 36
16 15
14 6
6 10
10 14
13 16
18 11
20 24
12 8
7 31
18 25
1 3
16 21
20 37
14 21
5 23
19 30
13 35
16 27
15 36
6 14
14 38
15 23
20 32
4 14
8 7
8 13
10 35
17 38
3 11
2 10
2 40
12 28
19 14
19 12
7 11
3 26
4 12
6 17
4 6
7 2
10 17
19 26
8 24
16 6
2 12
5 37
6 30
9 35
3 24
