18
541
134
334
427
428
133
705
948
239
968
743
939
132
514
84
854
82
744
587
4
664
7
838
739
942
42
279
613
167
661
88
444
245
193
936
731
230
828
419
753
569
132
434
171
689
595
693
460
285
676
147
537
149
775
525
92
574
278
433
269
216
1000
487
628
240
845
523
527
989
49
902
441
56
975
41
80
459
839
878
219
354
890
397
446
743
602
280
8
309
531
699
644
545
230
754
453
480
806
794
155
917
870
393
901
135
999
896
258
740
89
81
237
805
785
658
785
247
731
736
193
43
378
558
635
316
180
482
163
58
462
465
528
753
664
625
272
695
277
939
267
795
906
72
317
516
219
668
653
243
189
680
570
308
137
666
581
847
980
195
745
596
536
751
369
6
14
408
892
3
403
939
320
949
477
117
405
438
27
584
193
607
49
218
876
196
515
271
523
173
614
2
411
281
10
552
881
784
289
175
836
26
327
49
500
204
963
684
761
641
8
447
399
606
658
39
242
481
721
217
144
1
560
406
32
625
271
467
25
299
547
595
111
2
840
972
935
32
570
175
260
402
495
368
724
229
378
745
783
61
753
604
636
997
469
565
809
327
896
437
630
891
805
930
795
895
495
486
119
61
536
23
659
820
164
530
539
121
214
818
703
32
552
560
325
129
178
804
992
92
844
532
733
560
632
85
20
705
107
697
611
536
532
993
779
357
789
887
778
706
748
925
392
867
232
126
312
90
21
212
835
903
812
110
793
313
767
256
252
717
956
910
701
69
473
480
298
19
585
22
172
31
608
637
972
551
7
944
504
654
142
656
428
570
284
544
415
705
397
858
809
968
52
689
622
230
159
641
115
903
605
769
18
454
44
531
614
781
799
776
703
603
171
772
59
596
960
291
955
502
285
717
717
620
839
679
471
163
612
897
196
271
676
590
262
884
590
851
550
79
479
799
487
109
391
41
265
120
613
630
22
400
396
810
550
318
741
703
603
402
12
667
700
947
713
251
171
393
265
969
75
487
796
730
5
88
173
229
140
944
292
42
454
298
316
365
895
625
698
156
121
124
316
689
695
574
920
920
649
465
978
650
367
443
278
198
409
855
406
251
610
581
59
69
697
683
921
881
708
476
23
353
369
769
4
13
970
700
864
167
296
73
592
379
486
926
60
416
671
333
36
464
393
506
796
412
966
166
650
665
651
832
34
605
128
979
142
822
624
983
746
219
54
450
853
146
69
498
522
823
569
795
356
212
789
931
907
160
11
172
881
227
927
930
651
839
870
963
381
180
414
14
769
372
66
443
127
661
353
431
426
81
444
246
936
766
436
2
766
95
181
49
869
728
60
125
20
546
825
298
732
459
288
208
90
449
876
528
186
541
516
162
120
709
639
323
159
870
909
433
164
744
306
760
379
987
67
976
294
583
373
482
688
101
986
703
594
117
787
672
356
217
15
189
841
247
807
364
786
532
741
150
534
147
453
883
538
179
908
28
280
442
751
213
253
759
966
567
583
511
104
533
748
140
575
257
429
395
323
208
428
924
363
429
543
727
797
472
864
24
329
50
176
170
473
762
288
670
884
483
394
140
32
473
977
373
282
470
788
702
546
273
42
577
949
22
587
860
385
60
475
449
886
520
920
140
624
808
765
599
176
644
987
412
725
760
121
321
566
19
29
464
429
317
338
718
713
582
446
67
567
229
330
102
352
325
548
834
900
273
23
139
700
270
536
771
554
620
735
585
827
264
659
411
695
24
541
332
757
422
680
380
543
867
152
34
23
58
226
639
561
832
94
235
533
344
444
630
792
95
907
620
747
41
111
271
11
58
721
276
726
79
835
321
886
563
817
396
318
108
367
47
487
578
6
340
694
581
450
545
268
647
811
20
851
899
889
438
821
646
697
415
357
741
124
874
401
278
507
403
210
699
159
566
254
575
233
488
780
728
285
316
341
945
616
13
599
83
245
452
15
777
306
78
420
193
811
995
232
896
566
580
405
232
226
801
766
13
479
792
21
323
1000
324
380
423
596
37
47
697
741
897
39
164
498
939
176
223
713
769
983
176
50
707
6
554
270
105
234
287
504
126
632
637
800
653
812
125
732
598
119
39
360
598
191
626
773
989
541
157
903
765
368
1
434
591
37
648
495
779
918
850
198
865
336
700
305
281
866
111
386
12
104
363
577
921
554
71
283
949
105
579
717
575
347
273
825
992
452
279
130
703
410
506
729
23
243
395
524
989
794
575
483
770
206
421
852
872
915
62
428
230
433
792
499
589
450
827
879
637
21
204
390
990
78
756
877
643
639
160
186
257
8
512
428
987
631
775
620
527
301
132
265
23
101
263
511
833
378
420
273
123
952
356
140
878
287
516
872
890
47
437
49
709
147
407
586
113
48
355
823
350
10
85
895
293
185
404
16
661
142
241
85
830
900
82
782
915
876
834
113
290
302
535
641
540
762
971
847
370
499
571
741
924
943
364
443
301
713
311
905
94
496
997
232
227
869
989
25
48
621
328
793
107
329
390
795
142
445
894
904
461
229
69
787
237
182
573
754
358
442
863
839
579
38
3
79
755
89
790
15
828
872
524
726
45
183
418
96
102
990
268
270
483
909
212
412
1
98
934
18
190
447
334
971
943
774
449
8
296
244
919
658
809
416
668
209
0
831
341
43
607
525
423
6
571
274
88
611
297
688
286
19
714
679
149
581
900
146
633
746
163
212
118
781
240
367
351
635
190
400
97
373
391
134
708
166
301
178
201
674
179
266
687
237
38
355
87
280
805
889
270
728
199
507
403
719
234
268
227
802
923
880
901
943
586
606
564
617
24
82
391
990
806
170
596
265
889
762
623
259
696
118
156
792
26
83
904
435
602
880
241
798
824
551
308
913
925
808
140
763
865
971
646
861
987
951
669
650
794
56
398
429
27
367
183
988
890
730
564
105
446
336
227
181
98
394
912
634
802
586
843
498
116
334
457
485
659
410
349
696
758
10
669
447
225
474
809
128
480
460
378
306
826
42
315
241
322
701
444
673
286
567
644
183
921
654
688
840
756
176
920
181
107
237
385
921
205
883
475
96
636
906
80
989
272
868
45
215
644
657
248
869
854
282
861
794
34
21
306
707
731
283
357
731
292
455
509
570
994
502
638
744
749
730
763
523
306
896
351
7
7
74
91
168
117
608
782
113
514
28
524
583
840
161
41
5
398
469
761
680
148
735
625
660
81
353
556
869
626
115
529
682
899
72
860
680
679
732
851
33
263
129
203
738
447
754
935
541
461
429
745
787
71
470
907
601
56
860
13
489
364
460
737
453
991
529
288
779
453
505
859
631
736
521
6
196
453
611
896
882
901
908
6
550
230
278
10
203
37
903
43
383
362
692
684
307
478
731
239
768
830
798
161
18
495
850
293
545
64
690
941
601
817
85
647
133
322
928
827
686
80
32
107
936
861
292
674
532
89
872
126
142
511
723
675
34
350
591
45
615
889
178
828
674
507
103
500
551
779
709
480
149
466
867
857
367
948
312
216
823
216
541
825
636
542
42
293
672
642
268
543
32
123
296
12
479
767
562
873
6
726
158
216
328
575
730
842
156
77
367
954
984
990
889
151
845
838
543
174
120
49
854
431
234
391
7
792
549
110
155
182
353
479
288
46
784
692
267
21
174
864
388
638
209
530
957
970
507
542
589
749
191
637
441
669
602
110
773
848
247
216
615
471
434
434
768
766
780
517
790
40
481
862
425
224
119
306
894
798
927
810
966
45
716
606
208
467
407
231
129
153
71
6
67
244
178
550
242
655
451
398
522
96
773
725
963
613
955
187
749
239
455
68
528
659
54
951
717
354
466
874
922
445
915
179
165
147
90
593
16
733
423
678
832
901
901
748
541
415
64
395
639
587
372
938
860
494
20
153
960
175
704
987
598
739
253
22
179
208
285
44
523
197
7
688
573
660
305
53
5
447
819
439
325
40
668
48
586
243
776
506
328
400
95
695
899
240
371
57
926
656
368
139
400
673
133
650
415
403
826
424
982
631
199
39
64
148
283
652
308
477
811
788
810
568
467
94
914
826
996
572
417
886
684
493
830
41
364
244
191
739
463
125
470
581
617
495
814
343
92
55
282
283
40
968
562
815
118
552
977
367
190
610
247
998
717
997
898
475
656
762
877
198
731
572
639
410
249
239
40
917
172
960
786
612
977
833
102
881
187
949
151
726
458
818
514
551
538
42
605
102
901
47
357
976
69
7
778
711
19
19
223
811
151
667
116
650
209
30
331
525
29
953
297
468
833
7
758
471
355
175
924
923
884
296
395
48
743
258
221
786
583
984
449
685
270
16
35
557
532
985
350
36
372
368
180
559
575
326
526
134
846
252
80
153
11
14
762
905
357
694
79
574
514
67
391
857
657
38
383
915
390
483
36
889
938
964
578
535
739
7
199
807
695
184
364
821
90
443
44
53
880
449
69
443
24
328
249
551
516
302
363
948
45
279
796
303
32
393
301
94
617
552
728
796
6
922
938
563
316
234
983
75
667
680
470
248
380
856
867
24
943
540
931
382
36
667
739
943
223
954
885
444
983
425
739
545
453
980
5
807
647
513
956
585
413
387
123
795
57
42
844
702
208
157
613
338
895
292
627
569
797
343
47
775
102
308
428
65
903
983
573
910
920
137
865
76
829
886
5
122
306
980
377
69
641
193
851
598
959
271
372
322
475
491
447
367
888
614
441
396
139
617
572
396
472
23
871
63
101
592
664
24
89
953
288
355
577
350
717
302
353
343
991
909
686
122
508
425
217
183
758
310
307
959
794
398
922
41
343
540
895
385
656
265
881
635
152
119
744
258
737
799
957
158
261
172
358
89
173
472
384
325
453
493
622
725
387
438
34
288
429
332
122
128
359
174
567
501
653
901
3
126
14
539
336
37
37
60
374
668
414
338
127
16
407
126
910
382
290
99
749
235
625
801
849
839
61
429
132
463
899
339
752
654
158
306
403
197
232
248
510
395
935
727
2
340
197
630
46
317
89
451
117
539
668
59
22
568
529
74
416
308
61
660
719
529
87
893
158
90
917
167
715
134
7
737
502
695
99
364
416
152
146
616
559
766
226
394
721
457
10
427
100
561
101
300
7
59
33
399
881
729
594
111
661
19
169
856
869
502
487
575
592
186
565
310
135
242
198
517
820
16
135
790
337
591
12
75
33
582
476
132
402
475
6
612
479
657
93
157
3
122
275
601
438
14
157
709
3
678
301
738
906
479
471
286
358
418
307
56
837
39
451
773
618
11
75
875
92
93
381
511
856
176
0
343
936
334
125
318
682
444
100
601
464
732
1000
164
509
497
97
895
654
311
231
120
635
928
849
704
856
470
26
71
990
794
936
370
723
268
394
462
991
620
963
63
989
373
163
878
115
106
647
927
998
989
978
186
704
156
19
128
39
121
722
150
895
692
770
448
451
79
498
670
710
533
17
288
89
675
681
48
666
983
312
90
660
684
91
546
955
127
917
9
856
119
456
96
280
708
524
373
475
396
82
31
833
859
932
508
448
129
819
77
745
920
288
20
207
922
314
475
859
896
923
754
835
74
233
587
473
25
743
517
532
3
640
701
378
377
950
304
298
278
269
601
455
736
144
679
748
595
951
406
933
980
222
28
37
714
595
899
167
306
577
213
0
881
561
271
29
532
306
90
744
5
192
119
86
487
924
462
319
45
511
32
475
654
382
626
105
168
900
926
658
498
955
40
124
69
934
721
790
905
849
389
270
558
514
584
986
288
516
248
86
362
84
855
466
872
528
375
78
372
735
50
449
502
305
524
912
574
507
281
704
889
154
852
766
34
304
290
484
70
270
545
21
526
53
834
628
555
236
14
629
553
547
267
916
162
164
463
726
163
596
191
706
968
83
577
907
23
380
664
586
30
71
708
480
775
315
830
932
753
427
815
875
98
985
701
28
821
250
847
480
88
648
219
252
607
990
578
502
426
501
296
807
31
675
165
656
809
104
221
630
521
530
823
305
663
267
67
732
687
501
833
768
596
234
592
331
536
666
903
88
331
236
743
939
323
33
700
383
124
115
327
454
69
696
526
256
249
526
857
764
768
176
375
456
870
59
903
397
392
602
189
152
715
120
979
816
496
297
662
909
26
881
606
272
386
747
47
108
902
366
9
837
256
315
461
859
930
854
165
820
75
350
105
200
798
931
246
56
43
117
765
336
912
384
993
929
394
353
103
820
70
549
183
529
211
556
811
16
921
736
278
783
916
457
633
410
360
252
728
574
42
399
379
386
63
635
911
319
201
24
894
738
639
32
454
696
106
499
968
720
159
182
799
878
331
899
614
716
671
408
315
862
402
193
757
157
873
790
103
151
790
656
959
705
863
443
759
38
318
485
137
633
600
354
647
473
761
52
441
634
545
466
638
61
737
411
772
974
764
302
134
429
573
523
151
962
369
245
861
747
69
459
382
766
982
563
499
39
801
839
811
386
837
188
616
967
33
501
819
279
294
785
44
435
924
554
79
359
410
630
57
652
184
345
783
169
291
702
504
33
450
845
519
664
660
243
247
204
34
981
965
426
787
648
594
773
158
264
891
697
947
211
234
887
63
979
29
670
616
210
70
604
224
735
636
582
832
894
822
115
7
836
317
486
36
403
335
683
854
195
378
800
57
441
858
880
898
205
149
39
579
95
362
83
128
389
293
651
124
869
117
190
437
575
684
728
355
404
386
992
775
828
20
863
356
850
124
776
342
212
813
337
299
329
361
505
517
643
291
459
705
74
387
437
37
883
91
435
498
43
598
557
694
235
959
118
452
319
356
921
432
936
142
629
446
654
909
29
887
736
268
505
26
784
58
140
760
349
306
612
399
854
602
17
168
399
894
476
809
151
69
695
270
263
393
617
696
740
989
886
6
887
21
909
122
331
524
107
150
886
481
619
604
851
356
704
707
887
196
966
122
769
916
608
482
29
193
808
275
713
796
80
127
633
793
555
391
320
523
437
765
776
123
321
63
976
636
192
917
886
787
681
812
835
402
502
36
292
58
147
720
925
395
289
332
982
592
740
728
75
357
283
34
542
214
943
657
675
762
937
309
500
176
460
500
964
548
250
598
941
350
39
778
820
40
984
845
86
127
445
463
138
264
866
863
495
82
713
562
965
316
814
565
717
358
741
45
285
45
983
757
903
851
259
298
868
595
601
920
257
687
76
731
426
366
81
48
999
145
946
23
944
696
428
6
577
425
591
540
623
407
375
0
100
292
687
115
193
960
210
86
486
476
275
400
776
648
287
971
838
957
401
237
353
85
387
686
305
337
717
269
366
484
963
994
971
26
135
453
659
311
849
158
330
886
110
286
402
434
18
639
415
841
190
608
581
78
228
558
51
23
690
495
869
30
129
862
336
515
132
691
475
38
465
461
868
130
696
127
237
230
603
501
134
77
762
462
605
639
382
218
444
560
306
921
332
39
441
287
96
542
763
29
192
635
345
683
204
149
66
950
943
750
68
680
5
631
551
735
317
899
128
80
720
270
784
854
611
459
625
320
63
304
182
553
991
927
32
190
639
121
207
918
101
406
986
725
786
584
198
160
54
214
94
956
695
25
838
588
664
589
475
905
104
728
567
706
688
544
280
303
8
683
255
800
62
930
974
525
730
460
31
995
928
596
817
58
783
251
828
923
324
278
675
735
36
524
681
950
101
141
722
901
143
864
526
741
383
699
309
987
333
910
883
34
578
381
983
700
645
976
579
339
59
936
853
277
352
544
132
854
180
948
905
502
140
265
197
563
641
145
311
419
375
538
822
50
889
568
905
10
50
413
16
851
35
203
157
712
423
172
18
31
169
755
879
681
32
839
922
26
253
817
222
377
205
260
335
660
288
170
79
144
370
101
542
452
341
811
445
108
345
762
985
829
30
337
123
51
549
630
67
643
381
762
711
30
686
547
135
762
422
880
409
62
156
894
593
515
261
464
508
32
152
395
647
358
4
957
935
517
845
859
8
708
666
78
40
703
628
481
310
61
34
118
626
566
350
398
962
723
519
748
422
883
535
202
855
458
79
76
700
146
554
918
699
112
54
196
203
406
264
830
593
500
355
184
468
901
26
654
962
607
74
478
528
459
92
988
740
780
227
58
116
524
506
207
433
986
111
706
392
522
255
985
909
107
10
717
290
448
636
934
276
656
264
966
805
251
31
681
901
203
872
539
745
618
388
55
927
600
816
863
616
817
817
334
432
20
240
782
768
800
828
941
961
341
605
159
540
887
712
15
19
138
338
527
494
29
376
40
116
797
979
608
184
598
982
14
45
856
29
480
674
903
38
461
386
998
130
665
151
17
46
867
39
808
371
738
797
858
266
633
464
692
254
81
266
843
627
886
862
438
665
653
275
209
644
343
302
568
654
156
702
472
635
9
269
457
805
897
344
730
653
605
938
211
